0 0 2.5 2.5 1.46742e-12 -1.98477e-12
0 1 2.5 2.5 1.79901e-12 -9.95674e-13
0 2 2.5 2.5 1.06844e-12 7.56578e-13
0 3 2.5 2.5 1.59664e-12 9.90631e-13
0 4 2.5 2.5 1.36081e-12 1.23411e-12
0 5 2.5 2.5 1.30266e-12 1.4923e-12
0 6 2.5 2.5 1.42296e-12 1.41874e-12
0 7 2.5 2.5 1.39309e-12 1.40959e-12
0 8 2.5 2.5 1.3686e-12 1.4833e-12
0 9 2.5 2.5 1.39923e-12 1.49628e-12
0 10 2.5 2.5 1.40723e-12 1.50096e-12
0 11 2.5 2.5 1.39991e-12 1.53597e-12
0 12 2.5 2.5 1.40257e-12 1.56642e-12
0 13 2.5 2.5 1.4097e-12 1.57908e-12
0 14 2.5 2.5 1.41027e-12 1.5909e-12
0 15 2.5 2.5 1.40938e-12 1.60428e-12
0 16 2.5 2.5 1.41046e-12 1.61186e-12
0 17 2.5 2.5 1.41208e-12 1.61293e-12
0 18 2.5 2.5 1.4121e-12 1.61161e-12
0 19 2.5 2.5 1.41186e-12 1.60898e-12
0 20 2.5 2.5 1.41173e-12 1.60437e-12
0 21 2.5 2.5 1.41186e-12 1.59759e-12
0 22 2.5 2.5 1.41158e-12 1.59002e-12
0 23 2.5 2.5 1.41122e-12 1.58257e-12
0 24 2.5 2.5 1.41088e-12 1.57474e-12
0 25 2.5 2.5 1.41087e-12 1.56637e-12
0 26 2.5 2.5 1.41065e-12 1.55824e-12
0 27 2.5 2.5 1.41037e-12 1.55111e-12
0 28 2.5 2.5 1.41014e-12 1.54492e-12
0 29 2.5 2.5 1.41009e-12 1.53956e-12
0 30 2.5 2.5 1.41002e-12 1.53515e-12
0 31 2.5 2.5 1.41006e-12 1.53187e-12
1 0 2.5 2.5 -4.01366e-12 2.599e-12
1 1 2.5 2.5 -3.08623e-12 -1.19046e-13
1 2 2.5 2.5 -3.88548e-12 -8.71787e-13
1 3 2.5 2.5 -3.15412e-12 -1.63517e-12
1 4 2.5 2.5 -3.32445e-12 -1.6526e-12
1 5 2.5 2.5 -3.40427e-12 -1.43829e-12
1 6 2.5 2.5 -3.29123e-12 -1.46216e-12
1 7 2.5 2.5 -3.33399e-12 -1.41327e-12
1 8 2.5 2.5 -3.38151e-12 -1.32089e-12
1 9 2.5 2.5 -3.36957e-12 -1.30469e-12
1 10 2.5 2.5 -3.3748e-12 -1.29706e-12
1 11 2.5 2.5 -3.39321e-12 -1.26307e-12
1 12 2.5 2.5 -3.39998e-12 -1.23766e-12
1 13 2.5 2.5 -3.39979e-12 -1.22833e-12
1 14 2.5 2.5 -3.40414e-12 -1.21788e-12
1 15 2.5 2.5 -3.40869e-12 -1.20605e-12
1 16 2.5 2.5 -3.41028e-12 -1.20074e-12
1 17 2.5 2.5 -3.41032e-12 -1.20194e-12
1 18 2.5 2.5 -3.41122e-12 -1.2056e-12
1 19 2.5 2.5 -3.41175e-12 -1.21073e-12
1 20 2.5 2.5 -3.41176e-12 -1.21834e-12
1 21 2.5 2.5 -3.41134e-12 -1.22813e-12
1 22 2.5 2.5 -3.41092e-12 -1.23863e-12
1 23 2.5 2.5 -3.41052e-12 -1.24919e-12
1 24 2.5 2.5 -3.40998e-12 -1.26009e-12
1 25 2.5 2.5 -3.4092e-12 -1.27163e-12
1 26 2.5 2.5 -3.40853e-12 -1.28251e-12
1 27 2.5 2.5 -3.40807e-12 -1.29216e-12
1 28 2.5 2.5 -3.40765e-12 -1.30063e-12
1 29 2.5 2.5 -3.40726e-12 -1.30789e-12
1 30 2.5 2.5 -3.40697e-12 -1.31396e-12
1 31 2.5 2.5 -3.40669e-12 -1.31791e-12
2 0 2.5 2.5 3.5979e-12 -3.20663e-12
2 1 2.5 2.5 4.36317e-12 -3.13664e-12
2 2 2.5 2.5 3.07834e-12 -2.6918e-12
2 3 2.5 2.5 3.76137e-12 -3.22598e-12
2 4 2.5 2.5 3.53018e-12 -3.24081e-12
2 5 2.5 2.5 3.40042e-12 -3.08249e-12
2 6 2.5 2.5 3.53769e-12 -3.15521e-12
2 7 2.5 2.5 3.52998e-12 -3.11828e-12
2 8 2.5 2.5 3.50475e-12 -3.02536e-12
2 9 2.5 2.5 3.53919e-12 -3.00717e-12
2 10 2.5 2.5 3.55616e-12 -2.99563e-12
2 11 2.5 2.5 3.55457e-12 -2.95734e-12
2 12 2.5 2.5 3.55964e-12 -2.9299e-12
2 13 2.5 2.5 3.56933e-12 -2.91875e-12
2 14 2.5 2.5 3.57251e-12 -2.90624e-12
2 15 2.5 2.5 3.57341e-12 -2.89248e-12
2 16 2.5 2.5 3.5753e-12 -2.88602e-12
2 17 2.5 2.5 3.5776e-12 -2.88631e-12
2 18 2.5 2.5 3.57809e-12 -2.88939e-12
2 19 2.5 2.5 3.57813e-12 -2.89434e-12
2 20 2.5 2.5 3.57795e-12 -2.90216e-12
2 21 2.5 2.5 3.57786e-12 -2.91239e-12
2 22 2.5 2.5 3.57743e-12 -2.92367e-12
2 23 2.5 2.5 3.57679e-12 -2.93505e-12
2 24 2.5 2.5 3.57611e-12 -2.94722e-12
2 25 2.5 2.5 3.57576e-12 -2.96032e-12
2 26 2.5 2.5 3.57525e-12 -2.97272e-12
2 27 2.5 2.5 3.57476e-12 -2.98395e-12
2 28 2.5 2.5 3.57426e-12 -2.99391e-12
2 29 2.5 2.5 3.57395e-12 -3.00249e-12
2 30 2.5 2.5 3.57377e-12 -3.00988e-12
2 31 2.5 2.5 3.57379e-12 -3.01457e-12
3 0 2.5 2.5 -2.58412e-12 3.20986e-13
3 1 2.5 2.5 -1.68742e-12 2.74845e-13
3 2 2.5 2.5 -2.81858e-12 6.20562e-13
3 3 2.5 2.5 -1.98252e-12 -9.09201e-15
3 4 2.5 2.5 -2.15461e-12 -3.7297e-14
3 5 2.5 2.5 -2.28762e-12 9.49156e-14
3 6 2.5 2.5 -2.15324e-12 -1.52329e-14
3 7 2.5 2.5 -2.17209e-12 1.44385e-14
3 8 2.5 2.5 -2.22156e-12 1.23858e-13
3 9 2.5 2.5 -2.20825e-12 1.60473e-13
3 10 2.5 2.5 -2.20524e-12 1.86493e-13
3 11 2.5 2.5 -2.21894e-12 2.38397e-13
3 12 2.5 2.5 -2.22475e-12 2.77432e-13
3 13 2.5 2.5 -2.22304e-12 2.96869e-13
3 14 2.5 2.5 -2.22522e-12 3.14957e-13
3 15 2.5 2.5 -2.22848e-12 3.33182e-13
3 16 2.5 2.5 -2.22974e-12 3.43021e-13
3 17 2.5 2.5 -2.22941e-12 3.45056e-13
3 18 2.5 2.5 -2.23001e-12 3.43289e-13
3 19 2.5 2.5 -2.23046e-12 3.39071e-13
3 20 2.5 2.5 -2.2306e-12 3.31573e-13
3 21 2.5 2.5 -2.23036e-12 3.21176e-13
3 22 2.5 2.5 -2.23018e-12 3.09391e-13
3 23 2.5 2.5 -2.23005e-12 2.97226e-13
3 24 2.5 2.5 -2.22985e-12 2.83753e-13
3 25 2.5 2.5 -2.2293e-12 2.69414e-13
3 26 2.5 2.5 -2.22901e-12 2.55578e-13
3 27 2.5 2.5 -2.22874e-12 2.42958e-13
3 28 2.5 2.5 -2.22852e-12 2.31847e-13
3 29 2.5 2.5 -2.2284e-12 2.22177e-13
3 30 2.5 2.5 -2.22818e-12 2.13706e-13
3 31 2.5 2.5 -2.22803e-12 2.08636e-13
4 0 2.5 2.5 2.93083e-13 -4.56032e-13
4 1 2.5 2.5 1.09742e-12 -7.23395e-13
4 2 2.5 2.5 7.83085e-14 -7.79442e-13
4 3 2.5 2.5 7.92664e-13 -1.57054e-12
4 4 2.5 2.5 6.12398e-13 -1.62912e-12
4 5 2.5 2.5 4.76328e-13 -1.53281e-12
4 6 2.5 2.5 6.027e-13 -1.67289e-12
4 7 2.5 2.5 5.93221e-13 -1.66181e-12
4 8 2.5 2.5 5.5125e-13 -1.55987e-12
4 9 2.5 2.5 5.69579e-13 -1.52657e-12
4 10 2.5 2.5 5.80384e-13 -1.50503e-12
4 11 2.5 2.5 5.72999e-13 -1.45565e-12
4 12 2.5 2.5 5.70854e-13 -1.41667e-12
4 13 2.5 2.5 5.75555e-13 -1.39771e-12
4 14 2.5 2.5 5.76297e-13 -1.38135e-12
4 15 2.5 2.5 5.75014e-13 -1.36441e-12
4 16 2.5 2.5 5.74983e-13 -1.35502e-12
4 17 2.5 2.5 5.76021e-13 -1.35334e-12
4 18 2.5 2.5 5.76154e-13 -1.35544e-12
4 19 2.5 2.5 5.76001e-13 -1.35976e-12
4 20 2.5 2.5 5.7589e-13 -1.36705e-12
4 21 2.5 2.5 5.76008e-13 -1.37692e-12
4 22 2.5 2.5 5.75952e-13 -1.3883e-12
4 23 2.5 2.5 5.7592e-13 -1.40015e-12
4 24 2.5 2.5 5.75795e-13 -1.41331e-12
4 25 2.5 2.5 5.75895e-13 -1.42728e-12
4 26 2.5 2.5 5.75916e-13 -1.44082e-12
4 27 2.5 2.5 5.75879e-13 -1.45336e-12
4 28 2.5 2.5 5.75912e-13 -1.46435e-12
4 29 2.5 2.5 5.75767e-13 -1.47395e-12
4 30 2.5 2.5 5.75984e-13 -1.48253e-12
4 31 2.5 2.5 5.75976e-13 -1.48736e-12
5 0 2.5 2.5 2.35334e-13 -1.43803e-12
5 1 2.5 2.5 8.30936e-13 -1.03768e-12
5 2 2.5 2.5 9.78183e-15 -8.55931e-13
5 3 2.5 2.5 5.28108e-13 -1.40856e-12
5 4 2.5 2.5 3.90516e-13 -1.40525e-12
5 5 2.5 2.5 2.80061e-13 -1.35127e-12
5 6 2.5 2.5 3.84399e-13 -1.51205e-12
5 7 2.5 2.5 3.81522e-13 -1.52665e-12
5 8 2.5 2.5 3.4673e-13 -1.44954e-12
5 9 2.5 2.5 3.62469e-13 -1.42642e-12
5 10 2.5 2.5 3.7367e-13 -1.41022e-12
5 11 2.5 2.5 3.67786e-13 -1.36416e-12
5 12 2.5 2.5 3.65516e-13 -1.32484e-12
5 13 2.5 2.5 3.69763e-13 -1.30458e-12
5 14 2.5 2.5 3.70864e-13 -1.28808e-12
5 15 2.5 2.5 3.6978e-13 -1.27107e-12
5 16 2.5 2.5 3.69614e-13 -1.26114e-12
5 17 2.5 2.5 3.70549e-13 -1.25879e-12
5 18 2.5 2.5 3.70711e-13 -1.26035e-12
5 19 2.5 2.5 3.70547e-13 -1.26413e-12
5 20 2.5 2.5 3.70438e-13 -1.27033e-12
5 21 2.5 2.5 3.70368e-13 -1.27906e-12
5 22 2.5 2.5 3.70349e-13 -1.28933e-12
5 23 2.5 2.5 3.70245e-13 -1.30014e-12
5 24 2.5 2.5 3.70034e-13 -1.31217e-12
5 25 2.5 2.5 3.70103e-13 -1.32503e-12
5 26 2.5 2.5 3.70018e-13 -1.33772e-12
5 27 2.5 2.5 3.69979e-13 -1.34954e-12
5 28 2.5 2.5 3.7e-13 -1.35989e-12
5 29 2.5 2.5 3.69773e-13 -1.36901e-12
5 30 2.5 2.5 3.70049e-13 -1.37726e-12
5 31 2.5 2.5 3.69875e-13 -1.38176e-12
6 0 2.5 2.5 -5.61047e-13 -3.57329e-13
6 1 2.5 2.5 -1.87253e-13 7.19003e-14
6 2 2.5 2.5 -6.73107e-13 1.56483e-13
6 3 2.5 2.5 -3.56387e-13 -2.13442e-13
6 4 2.5 2.5 -4.05876e-13 -1.8929e-13
6 5 2.5 2.5 -4.81845e-13 -1.75151e-13
6 6 2.5 2.5 -4.16981e-13 -3.15839e-13
6 7 2.5 2.5 -4.15721e-13 -3.39803e-13
6 8 2.5 2.5 -4.441e-13 -2.87831e-13
6 9 2.5 2.5 -4.37028e-13 -2.71852e-13
6 10 2.5 2.5 -4.29563e-13 -2.58538e-13
6 11 2.5 2.5 -4.3557e-13 -2.17268e-13
6 12 2.5 2.5 -4.39205e-13 -1.78865e-13
6 13 2.5 2.5 -4.36981e-13 -1.57241e-13
6 14 2.5 2.5 -4.36581e-13 -1.40165e-13
6 15 2.5 2.5 -4.38073e-13 -1.23116e-13
6 16 2.5 2.5 -4.38698e-13 -1.12361e-13
6 17 2.5 2.5 -4.38234e-13 -1.08875e-13
6 18 2.5 2.5 -4.38191e-13 -1.09658e-13
6 19 2.5 2.5 -4.38347e-13 -1.12728e-13
6 20 2.5 2.5 -4.38526e-13 -1.17838e-13
6 21 2.5 2.5 -4.38552e-13 -1.2534e-13
6 22 2.5 2.5 -4.38474e-13 -1.34288e-13
6 23 2.5 2.5 -4.38514e-13 -1.43831e-13
6 24 2.5 2.5 -4.38524e-13 -1.54586e-13
6 25 2.5 2.5 -4.38323e-13 -1.66125e-13
6 26 2.5 2.5 -4.38259e-13 -1.77427e-13
6 27 2.5 2.5 -4.38214e-13 -1.88178e-13
6 28 2.5 2.5 -4.38054e-13 -1.97501e-13
6 29 2.5 2.5 -4.3831e-13 -2.05754e-13
6 30 2.5 2.5 -4.37878e-13 -2.13262e-13
6 31 2.5 2.5 -4.38059e-13 -2.17039e-13
7 0 2.5 2.5 6.47884e-14 -3.87351e-13
7 1 2.5 2.5 1.76177e-13 -2.47213e-14
7 2 2.5 2.5 5.70395e-14 -1.6031e-13
7 3 2.5 2.5 1.13946e-13 -3.90245e-13
7 4 2.5 2.5 1.4574e-13 -3.81616e-13
7 5 2.5 2.5 9.59862e-14 -3.98687e-13
7 6 2.5 2.5 1.13483e-13 -4.87252e-13
7 7 2.5 2.5 1.25329e-13 -5.11649e-13
7 8 2.5 2.5 1.09693e-13 -4.88199e-13
7 9 2.5 2.5 1.10463e-13 -4.81152e-13
7 10 2.5 2.5 1.1741e-13 -4.74432e-13
7 11 2.5 2.5 1.15089e-13 -4.45026e-13
7 12 2.5 2.5 1.12507e-13 -4.14639e-13
7 13 2.5 2.5 1.14273e-13 -3.95984e-13
7 14 2.5 2.5 1.15379e-13 -3.81054e-13
7 15 2.5 2.5 1.14427e-13 -3.6624e-13
7 16 2.5 2.5 1.14029e-13 -3.56329e-13
7 17 2.5 2.5 1.14438e-13 -3.5269e-13
7 18 2.5 2.5 1.14752e-13 -3.53259e-13
7 19 2.5 2.5 1.14674e-13 -3.55743e-13
7 20 2.5 2.5 1.14523e-13 -3.6001e-13
7 21 2.5 2.5 1.14524e-13 -3.66028e-13
7 22 2.5 2.5 1.14611e-13 -3.73429e-13
7 23 2.5 2.5 1.14545e-13 -3.81387e-13
7 24 2.5 2.5 1.14561e-13 -3.90159e-13
7 25 2.5 2.5 1.14619e-13 -3.99734e-13
7 26 2.5 2.5 1.14618e-13 -4.09086e-13
7 27 2.5 2.5 1.14598e-13 -4.18337e-13
7 28 2.5 2.5 1.14818e-13 -4.25943e-13
7 29 2.5 2.5 1.14422e-13 -4.32888e-13
7 30 2.5 2.5 1.14877e-13 -4.39347e-13
7 31 2.5 2.5 1.14613e-13 -4.42319e-13
8 0 2.5 2.5 1.65373e-13 -4.51559e-13
8 1 2.5 2.5 -1.23076e-14 3.23477e-14
8 2 2.5 2.5 2.48214e-13 -1.70438e-13
8 3 2.5 2.5 1.70228e-14 -1.65841e-13
8 4 2.5 2.5 1.35244e-13 -1.5763e-13
8 5 2.5 2.5 1.15212e-13 -1.9954e-13
8 6 2.5 2.5 8.46548e-14 -2.2653e-13
8 7 2.5 2.5 1.10235e-13 -2.52086e-13
8 8 2.5 2.5 1.07975e-13 -2.57745e-13
8 9 2.5 2.5 1.00317e-13 -2.55671e-13
8 10 2.5 2.5 1.05903e-13 -2.53863e-13
8 11 2.5 2.5 1.06986e-13 -2.38994e-13
8 12 2.5 2.5 1.04952e-13 -2.19007e-13
8 13 2.5 2.5 1.05349e-13 -2.04047e-13
8 14 2.5 2.5 1.06711e-13 -1.92133e-13
8 15 2.5 2.5 1.06218e-13 -1.80422e-13
8 16 2.5 2.5 1.05891e-13 -1.71873e-13
8 17 2.5 2.5 1.06086e-13 -1.68286e-13
8 18 2.5 2.5 1.06462e-13 -1.68498e-13
8 19 2.5 2.5 1.06374e-13 -1.70411e-13
8 20 2.5 2.5 1.06329e-13 -1.73586e-13
8 21 2.5 2.5 1.06175e-13 -1.77892e-13
8 22 2.5 2.5 1.06243e-13 -1.83366e-13
8 23 2.5 2.5 1.06213e-13 -1.89164e-13
8 24 2.5 2.5 1.06142e-13 -1.95906e-13
8 25 2.5 2.5 1.06245e-13 -2.03147e-13
8 26 2.5 2.5 1.06204e-13 -2.10301e-13
8 27 2.5 2.5 1.06197e-13 -2.17653e-13
8 28 2.5 2.5 1.06325e-13 -2.23466e-13
8 29 2.5 2.5 1.05936e-13 -2.28889e-13
8 30 2.5 2.5 1.06462e-13 -2.33978e-13
8 31 2.5 2.5 1.06168e-13 -2.3607e-13
9 0 2.5 2.5 4.60119e-14 1.39958e-14
9 1 2.5 2.5 -4.21295e-13 4.97238e-13
9 2 2.5 2.5 2.33967e-13 1.93425e-13
9 3 2.5 2.5 -2.81294e-13 4.31927e-13
9 4 2.5 2.5 -6.63815e-14 4.25441e-13
9 5 2.5 2.5 -5.19102e-14 3.53489e-13
9 6 2.5 2.5 -1.30429e-13 3.90133e-13
9 7 2.5 2.5 -9.20737e-14 3.65397e-13
9 8 2.5 2.5 -8.28827e-14 3.36348e-13
9 9 2.5 2.5 -1.00515e-13 3.40457e-13
9 10 2.5 2.5 -9.69299e-14 3.40516e-13
9 11 2.5 2.5 -9.28274e-14 3.41273e-13
9 12 2.5 2.5 -9.50196e-14 3.51112e-13
9 13 2.5 2.5 -9.64976e-14 3.62148e-13
9 14 2.5 2.5 -9.52135e-14 3.70264e-13
9 15 2.5 2.5 -9.53543e-14 3.77929e-13
9 16 2.5 2.5 -9.56786e-14 3.84344e-13
9 17 2.5 2.5 -9.5869e-14 3.87703e-13
9 18 2.5 2.5 -9.55693e-14 3.87794e-13
9 19 2.5 2.5 -9.55467e-14 3.86335e-13
9 20 2.5 2.5 -9.55955e-14 3.8448e-13
9 21 2.5 2.5 -9.58943e-14 3.81948e-13
9 22 2.5 2.5 -9.57464e-14 3.78554e-13
9 23 2.5 2.5 -9.57685e-14 3.74922e-13
9 24 2.5 2.5 -9.57726e-14 3.70472e-13
9 25 2.5 2.5 -9.56904e-14 3.6567e-13
9 26 2.5 2.5 -9.57216e-14 3.60913e-13
9 27 2.5 2.5 -9.57222e-14 3.55712e-13
9 28 2.5 2.5 -9.55727e-14 3.51922e-13
9 29 2.5 2.5 -9.59433e-14 3.48173e-13
9 30 2.5 2.5 -9.54689e-14 3.44426e-13
9 31 2.5 2.5 -9.5763e-14 3.43139e-13
10 0 2.5 2.5 2.24316e-13 2.75403e-13
10 1 2.5 2.5 -5.24773e-13 6.96285e-13
10 2 2.5 2.5 5.17277e-13 2.58079e-13
10 3 2.5 2.5 -2.74481e-13 6.99169e-13
10 4 2.5 2.5 3.37078e-14 6.56621e-13
10 5 2.5 2.5 8.01469e-14 5.50596e-13
10 6 2.5 2.5 -4.66571e-14 6.52264e-13
10 7 2.5 2.5 3.37546e-15 6.31596e-13
10 8 2.5 2.5 2.40461e-14 5.84119e-13
10 9 2.5 2.5 -2.58068e-15 5.93927e-13
10 10 2.5 2.5 -1.2886e-16 5.9397e-13
10 11 2.5 2.5 7.48516e-15 5.81093e-13
10 12 2.5 2.5 5.49346e-15 5.80656e-13
10 13 2.5 2.5 2.53322e-15 5.86969e-13
10 14 2.5 2.5 4.09309e-15 5.89842e-13
10 15 2.5 2.5 4.57867e-15 5.91882e-13
10 16 2.5 2.5 4.33186e-15 5.95239e-13
10 17 2.5 2.5 3.78077e-15 5.97571e-13
10 18 2.5 2.5 4.22305e-15 5.97373e-13
10 19 2.5 2.5 4.30756e-15 5.96006e-13
10 20 2.5 2.5 4.28652e-15 5.95053e-13
10 21 2.5 2.5 3.86162e-15 5.94046e-13
10 22 2.5 2.5 4.06837e-15 5.92722e-13
10 23 2.5 2.5 4.01775e-15 5.91295e-13
10 24 2.5 2.5 4.09139e-15 5.89137e-13
10 25 2.5 2.5 4.14341e-15 5.86831e-13
10 26 2.5 2.5 4.06506e-15 5.84494e-13
10 27 2.5 2.5 4.08453e-15 5.81614e-13
10 28 2.5 2.5 4.25802e-15 5.79915e-13
10 29 2.5 2.5 3.88437e-15 5.77743e-13
10 30 2.5 2.5 4.34323e-15 5.75295e-13
10 31 2.5 2.5 4.10477e-15 5.74792e-13
11 0 2.5 2.5 3.34877e-13 4.36733e-13
11 1 2.5 2.5 -6.79472e-13 8.13243e-13
11 2 2.5 2.5 7.22643e-13 2.77422e-13
11 3 2.5 2.5 -3.3061e-13 9.1973e-13
11 4 2.5 2.5 6.19148e-14 8.40047e-13
11 5 2.5 2.5 1.37144e-13 7.02497e-13
11 6 2.5 2.5 -3.53144e-14 8.66789e-13
11 7 2.5 2.5 2.57583e-14 8.49648e-13
11 8 2.5 2.5 5.78234e-14 7.8537e-13
11 9 2.5 2.5 2.31576e-14 8.01766e-13
11 10 2.5 2.5 2.45724e-14 8.02647e-13
11 11 2.5 2.5 3.55046e-14 7.7748e-13
11 12 2.5 2.5 3.37328e-14 7.67736e-13
11 13 2.5 2.5 2.9322e-14 7.69242e-13
11 14 2.5 2.5 3.13148e-14 7.66308e-13
11 15 2.5 2.5 3.2302e-14 7.6212e-13
11 16 2.5 2.5 3.20823e-14 7.617e-13
11 17 2.5 2.5 3.12631e-14 7.62526e-13
11 18 2.5 2.5 3.17764e-14 7.61759e-13
11 19 2.5 2.5 3.20226e-14 7.60215e-13
11 20 2.5 2.5 3.20841e-14 7.59941e-13
11 21 2.5 2.5 3.16411e-14 7.60638e-13
11 22 2.5 2.5 3.17904e-14 7.61369e-13
11 23 2.5 2.5 3.1748e-14 7.62116e-13
11 24 2.5 2.5 3.18887e-14 7.62313e-13
11 25 2.5 2.5 3.18294e-14 7.62424e-13
11 26 2.5 2.5 3.18535e-14 7.62534e-13
11 27 2.5 2.5 3.18395e-14 7.6201e-13
11 28 2.5 2.5 3.20103e-14 7.62256e-13
11 29 2.5 2.5 3.17316e-14 7.61708e-13
11 30 2.5 2.5 3.21533e-14 7.60715e-13
11 31 2.5 2.5 3.18698e-14 7.60989e-13
12 0 2.5 2.5 3.69589e-13 6.99436e-13
12 1 2.5 2.5 -8.8279e-13 1.02386e-12
12 2 2.5 2.5 8.41117e-13 4.22328e-13
12 3 2.5 2.5 -4.45578e-13 1.2608e-12
12 4 2.5 2.5 2.19543e-14 1.14873e-12
12 5 2.5 2.5 1.24181e-13 9.84145e-13
12 6 2.5 2.5 -8.84156e-14 1.20428e-12
12 7 2.5 2.5 -1.71322e-14 1.1881e-12
12 8 2.5 2.5 2.53453e-14 1.10777e-12
12 9 2.5 2.5 -1.65046e-14 1.13098e-12
12 10 2.5 2.5 -1.62872e-14 1.13418e-12
12 11 2.5 2.5 -2.79735e-15 1.09938e-12
12 12 2.5 2.5 -4.46037e-15 1.08251e-12
12 13 2.5 2.5 -1.02563e-14 1.08016e-12
12 14 2.5 2.5 -8.04022e-15 1.07205e-12
12 15 2.5 2.5 -6.66891e-15 1.06208e-12
12 16 2.5 2.5 -7.00796e-15 1.05816e-12
12 17 2.5 2.5 -8.16429e-15 1.05766e-12
12 18 2.5 2.5 -7.62986e-15 1.05619e-12
12 19 2.5 2.5 -7.38662e-15 1.05421e-12
12 20 2.5 2.5 -7.29646e-15 1.05461e-12
12 21 2.5 2.5 -7.8973e-15 1.0569e-12
12 22 2.5 2.5 -7.74943e-15 1.0596e-12
12 23 2.5 2.5 -7.86203e-15 1.06229e-12
12 24 2.5 2.5 -7.69588e-15 1.06466e-12
12 25 2.5 2.5 -7.75817e-15 1.0671e-12
12 26 2.5 2.5 -7.72029e-15 1.06968e-12
12 27 2.5 2.5 -7.80683e-15 1.07149e-12
12 28 2.5 2.5 -7.59894e-15 1.07362e-12
12 29 2.5 2.5 -7.92174e-15 1.07464e-12
12 30 2.5 2.5 -7.55007e-15 1.07511e-12
12 31 2.5 2.5 -7.77002e-15 1.0762e-12
13 0 2.5 2.5 4.20513e-13 9.47977e-13
13 1 2.5 2.5 -1.03257e-12 1.17628e-12
13 2 2.5 2.5 9.63964e-13 5.10586e-13
13 3 2.5 2.5 -5.17963e-13 1.51215e-12
13 4 2.5 2.5 1.27516e-14 1.36537e-12
13 5 2.5 2.5 1.38941e-13 1.17637e-12
13 6 2.5 2.5 -1.07284e-13 1.44343e-12
13 7 2.5 2.5 -2.79864e-14 1.42653e-12
13 8 2.5 2.5 2.31996e-14 1.33211e-12
13 9 2.5 2.5 -2.49177e-14 1.36198e-12
13 10 2.5 2.5 -2.60713e-14 1.36835e-12
13 11 2.5 2.5 -1.03367e-14 1.32612e-12
13 12 2.5 2.5 -1.20033e-14 1.3034e-12
13 13 2.5 2.5 -1.8907e-14 1.2979e-12
13 14 2.5 2.5 -1.65872e-14 1.285e-12
13 15 2.5 2.5 -1.49446e-14 1.2693e-12
13 16 2.5 2.5 -1.53057e-14 1.26144e-12
13 17 2.5 2.5 -1.67153e-14 1.25867e-12
13 18 2.5 2.5 -1.61623e-14 1.25548e-12
13 19 2.5 2.5 -1.57925e-14 1.25233e-12
13 20 2.5 2.5 -1.57211e-14 1.25265e-12
13 21 2.5 2.5 -1.63199e-14 1.25568e-12
13 22 2.5 2.5 -1.61867e-14 1.25946e-12
13 23 2.5 2.5 -1.62441e-14 1.26347e-12
13 24 2.5 2.5 -1.60657e-14 1.2675e-12
13 25 2.5 2.5 -1.61518e-14 1.2719e-12
13 26 2.5 2.5 -1.61586e-14 1.27644e-12
13 27 2.5 2.5 -1.62839e-14 1.28004e-12
13 28 2.5 2.5 -1.60327e-14 1.28363e-12
13 29 2.5 2.5 -1.62662e-14 1.28614e-12
13 30 2.5 2.5 -1.59642e-14 1.28788e-12
13 31 2.5 2.5 -1.61926e-14 1.28956e-12
14 0 2.5 2.5 4.93927e-13 1.10068e-12
14 1 2.5 2.5 -1.11492e-12 1.22517e-12
14 2 2.5 2.5 1.0925e-12 5.1757e-13
14 3 2.5 2.5 -5.39613e-13 1.64895e-12
14 4 2.5 2.5 3.81921e-14 1.46849e-12
14 5 2.5 2.5 1.83813e-13 1.26007e-12
14 6 2.5 2.5 -8.87483e-14 1.56497e-12
14 7 2.5 2.5 -3.90207e-15 1.5466e-12
14 8 2.5 2.5 5.42901e-14 1.44044e-12
14 9 2.5 2.5 1.43426e-15 1.4755e-12
14 10 2.5 2.5 -6.77167e-16 1.48435e-12
14 11 2.5 2.5 1.70934e-14 1.43585e-12
14 12 2.5 2.5 1.58099e-14 1.40846e-12
14 13 2.5 2.5 8.18446e-15 1.40034e-12
14 14 2.5 2.5 1.08523e-14 1.38377e-12
14 15 2.5 2.5 1.29725e-14 1.36348e-12
14 16 2.5 2.5 1.28144e-14 1.35264e-12
14 17 2.5 2.5 1.13851e-14 1.34836e-12
14 18 2.5 2.5 1.21565e-14 1.34419e-12
14 19 2.5 2.5 1.26498e-14 1.34054e-12
14 20 2.5 2.5 1.29655e-14 1.34135e-12
14 21 2.5 2.5 1.23509e-14 1.34557e-12
14 22 2.5 2.5 1.26186e-14 1.35107e-12
14 23 2.5 2.5 1.2694e-14 1.35684e-12
14 24 2.5 2.5 1.29464e-14 1.36284e-12
14 25 2.5 2.5 1.28785e-14 1.36921e-12
14 26 2.5 2.5 1.29494e-14 1.3758e-12
14 27 2.5 2.5 1.28594e-14 1.38122e-12
14 28 2.5 2.5 1.31315e-14 1.38641e-12
14 29 2.5 2.5 1.29261e-14 1.39021e-12
14 30 2.5 2.5 1.32474e-14 1.39313e-12
14 31 2.5 2.5 1.30508e-14 1.39541e-12
15 0 2.5 2.5 5.19019e-13 1.23615e-12
15 1 2.5 2.5 -1.19421e-12 1.25652e-12
15 2 2.5 2.5 1.15317e-12 5.38289e-13
15 3 2.5 2.5 -5.77638e-13 1.76824e-12
15 4 2.5 2.5 2.89e-14 1.56099e-12
15 5 2.5 2.5 1.887e-13 1.34115e-12
15 6 2.5 2.5 -1.01507e-13 1.67427e-12
15 7 2.5 2.5 -1.35133e-14 1.65411e-12
15 8 2.5 2.5 4.98794e-14 1.53898e-12
15 9 2.5 2.5 -5.83505e-15 1.57785e-12
15 10 2.5 2.5 -8.90878e-15 1.58868e-12
15 11 2.5 2.5 1.00963e-14 1.53607e-12
15 12 2.5 2.5 8.94508e-15 1.50588e-12
15 13 2.5 2.5 5.55026e-16 1.49679e-12
15 14 2.5 2.5 2.87201e-15 1.47808e-12
15 15 2.5 2.5 4.96724e-15 1.45473e-12
15 16 2.5 2.5 4.35033e-15 1.44138e-12
15 17 2.5 2.5 2.41087e-15 1.43541e-12
15 18 2.5 2.5 2.88225e-15 1.42986e-12
15 19 2.5 2.5 3.09874e-15 1.42514e-12
15 20 2.5 2.5 3.05002e-15 1.42545e-12
15 21 2.5 2.5 2.08172e-15 1.42989e-12
15 22 2.5 2.5 2.11102e-15 1.43589e-12
15 23 2.5 2.5 1.99744e-15 1.44231e-12
15 24 2.5 2.5 2.11546e-15 1.44928e-12
15 25 2.5 2.5 1.84436e-15 1.45668e-12
15 26 2.5 2.5 1.78984e-15 1.46448e-12
15 27 2.5 2.5 1.69405e-15 1.47114e-12
15 28 2.5 2.5 1.87876e-15 1.47735e-12
15 29 2.5 2.5 1.70199e-15 1.48211e-12
15 30 2.5 2.5 1.9408e-15 1.48617e-12
15 31 2.5 2.5 1.75069e-15 1.48893e-12
16 0 2.5 2.5 5.24484e-13 1.36539e-12
16 1 2.5 2.5 -1.237e-12 1.28115e-12
16 2 2.5 2.5 1.17379e-12 5.81694e-13
16 3 2.5 2.5 -5.99431e-13 1.87465e-12
16 4 2.5 2.5 1.66845e-14 1.65008e-12
16 5 2.5 2.5 1.85325e-13 1.42899e-12
16 6 2.5 2.5 -1.13006e-13 1.78105e-12
16 7 2.5 2.5 -2.47377e-14 1.7601e-12
16 8 2.5 2.5 4.14699e-14 1.63985e-12
16 9 2.5 2.5 -1.5605e-14 1.68083e-12
16 10 2.5 2.5 -1.96093e-14 1.69265e-12
16 11 2.5 2.5 -6.48471e-17 1.63686e-12
16 12 2.5 2.5 -1.09207e-15 1.60407e-12
16 13 2.5 2.5 -9.75336e-15 1.59365e-12
16 14 2.5 2.5 -7.22743e-15 1.57289e-12
16 15 2.5 2.5 -4.71074e-15 1.54661e-12
16 16 2.5 2.5 -4.74433e-15 1.53114e-12
16 17 2.5 2.5 -6.30515e-15 1.52354e-12
16 18 2.5 2.5 -5.33612e-15 1.51684e-12
16 19 2.5 2.5 -4.64409e-15 1.51132e-12
16 20 2.5 2.5 -4.19525e-15 1.51127e-12
16 21 2.5 2.5 -4.72568e-15 1.51587e-12
16 22 2.5 2.5 -4.33611e-15 1.52241e-12
16 23 2.5 2.5 -4.18507e-15 1.52947e-12
16 24 2.5 2.5 -3.8381e-15 1.53723e-12
16 25 2.5 2.5 -3.8343e-15 1.54567e-12
16 26 2.5 2.5 -3.79834e-15 1.55452e-12
16 27 2.5 2.5 -3.82723e-15 1.56215e-12
16 28 2.5 2.5 -3.6156e-15 1.56921e-12
16 29 2.5 2.5 -3.65593e-15 1.57488e-12
16 30 2.5 2.5 -3.57567e-15 1.57973e-12
16 31 2.5 2.5 -3.64287e-15 1.5828e-12
17 0 2.5 2.5 5.16488e-13 1.42717e-12
17 1 2.5 2.5 -1.23392e-12 1.20893e-12
17 2 2.5 2.5 1.15979e-12 5.33822e-13
17 3 2.5 2.5 -5.96623e-13 1.83622e-12
17 4 2.5 2.5 8.80661e-15 1.59622e-12
17 5 2.5 2.5 1.80206e-13 1.37973e-12
17 6 2.5 2.5 -1.1634e-13 1.7376e-12
17 7 2.5 2.5 -3.05499e-14 1.71493e-12
17 8 2.5 2.5 3.66192e-14 1.59265e-12
17 9 2.5 2.5 -1.94693e-14 1.63368e-12
17 10 2.5 2.5 -2.37451e-14 1.64568e-12
17 11 2.5 2.5 -3.85348e-15 1.58875e-12
17 12 2.5 2.5 -4.36464e-15 1.55545e-12
17 13 2.5 2.5 -1.2873e-14 1.54537e-12
17 14 2.5 2.5 -1.05589e-14 1.52479e-12
17 15 2.5 2.5 -8.13044e-15 1.49832e-12
17 16 2.5 2.5 -8.48674e-15 1.48252e-12
17 17 2.5 2.5 -1.0409e-14 1.47482e-12
17 18 2.5 2.5 -9.95593e-15 1.46826e-12
17 19 2.5 2.5 -9.7035e-15 1.46263e-12
17 20 2.5 2.5 -9.62684e-15 1.46268e-12
17 21 2.5 2.5 -1.0572e-14 1.46764e-12
17 22 2.5 2.5 -1.05607e-14 1.47467e-12
17 23 2.5 2.5 -1.0628e-14 1.48238e-12
17 24 2.5 2.5 -1.05236e-14 1.49075e-12
17 25 2.5 2.5 -1.07269e-14 1.49985e-12
17 26 2.5 2.5 -1.07888e-14 1.50922e-12
17 27 2.5 2.5 -1.07901e-14 1.51741e-12
17 28 2.5 2.5 -1.07077e-14 1.52495e-12
17 29 2.5 2.5 -1.06541e-14 1.53102e-12
17 30 2.5 2.5 -1.0686e-14 1.53645e-12
17 31 2.5 2.5 -1.07119e-14 1.53958e-12
18 0 2.5 2.5 5.24043e-13 1.38929e-12
18 1 2.5 2.5 -1.15562e-12 1.05361e-12
18 2 2.5 2.5 1.13852e-12 4.32236e-13
18 3 2.5 2.5 -5.40763e-13 1.6987e-12
18 4 2.5 2.5 3.3825e-14 1.44783e-12
18 5 2.5 2.5 2.0249e-13 1.24122e-12
18 6 2.5 2.5 -8.14398e-14 1.59167e-12
18 7 2.5 2.5 -6.89728e-16 1.56803e-12
18 8 2.5 2.5 6.46429e-14 1.44852e-12
18 9 2.5 2.5 1.08945e-14 1.48929e-12
18 10 2.5 2.5 5.75176e-15 1.50145e-12
18 11 2.5 2.5 2.44199e-14 1.44547e-12
18 12 2.5 2.5 2.35952e-14 1.41232e-12
18 13 2.5 2.5 1.48587e-14 1.40199e-12
18 14 2.5 2.5 1.67212e-14 1.38126e-12
18 15 2.5 2.5 1.89675e-14 1.35426e-12
18 16 2.5 2.5 1.86967e-14 1.33774e-12
18 17 2.5 2.5 1.69435e-14 1.3293e-12
18 18 2.5 2.5 1.74934e-14 1.32198e-12
18 19 2.5 2.5 1.79666e-14 1.31573e-12
18 20 2.5 2.5 1.82484e-14 1.31529e-12
18 21 2.5 2.5 1.75068e-14 1.31988e-12
18 22 2.5 2.5 1.77043e-14 1.32671e-12
18 23 2.5 2.5 1.77345e-14 1.33431e-12
18 24 2.5 2.5 1.79891e-14 1.34274e-12
18 25 2.5 2.5 1.78612e-14 1.35186e-12
18 26 2.5 2.5 1.79329e-14 1.36109e-12
18 27 2.5 2.5 1.79849e-14 1.36952e-12
18 28 2.5 2.5 1.79245e-14 1.37718e-12
18 29 2.5 2.5 1.82629e-14 1.38332e-12
18 30 2.5 2.5 1.79284e-14 1.38915e-12
18 31 2.5 2.5 1.80612e-14 1.39228e-12
19 0 2.5 2.5 4.70929e-13 1.38354e-12
19 1 2.5 2.5 -1.07853e-12 9.80144e-13
19 2 2.5 2.5 1.03571e-12 4.65303e-13
19 3 2.5 2.5 -5.07763e-13 1.67201e-12
19 4 2.5 2.5 1.55924e-14 1.42986e-12
19 5 2.5 2.5 1.74778e-13 1.24738e-12
19 6 2.5 2.5 -8.76725e-14 1.58167e-12
19 7 2.5 2.5 -1.5354e-14 1.55888e-12
19 8 2.5 2.5 4.57776e-14 1.44654e-12
19 9 2.5 2.5 -3.54468e-15 1.4847e-12
19 10 2.5 2.5 -8.50689e-15 1.4955e-12
19 11 2.5 2.5 9.35897e-15 1.44134e-12
19 12 2.5 2.5 9.59383e-15 1.40892e-12
19 13 2.5 2.5 2.09722e-15 1.39841e-12
19 14 2.5 2.5 4.27937e-15 1.37814e-12
19 15 2.5 2.5 6.82886e-15 1.352e-12
19 16 2.5 2.5 6.86618e-15 1.33593e-12
19 17 2.5 2.5 5.45542e-15 1.32767e-12
19 18 2.5 2.5 6.08556e-15 1.32064e-12
19 19 2.5 2.5 6.6306e-15 1.3146e-12
19 20 2.5 2.5 6.91258e-15 1.31423e-12
19 21 2.5 2.5 6.23838e-15 1.31879e-12
19 22 2.5 2.5 6.41701e-15 1.32559e-12
19 23 2.5 2.5 6.47436e-15 1.33318e-12
19 24 2.5 2.5 6.68503e-15 1.3416e-12
19 25 2.5 2.5 6.59862e-15 1.35056e-12
19 26 2.5 2.5 6.64406e-15 1.35949e-12
19 27 2.5 2.5 6.64191e-15 1.36808e-12
19 28 2.5 2.5 6.49531e-15 1.37533e-12
19 29 2.5 2.5 7.08359e-15 1.38144e-12
19 30 2.5 2.5 6.3431e-15 1.38749e-12
19 31 2.5 2.5 6.73626e-15 1.39031e-12
20 0 2.5 2.5 3.74653e-13 1.38843e-12
20 1 2.5 2.5 -9.89386e-13 8.94265e-13
20 2 2.5 2.5 8.69525e-13 4.85933e-13
20 3 2.5 2.5 -4.84437e-13 1.58542e-12
20 4 2.5 2.5 -3.06704e-14 1.36112e-12
20 5 2.5 2.5 1.13336e-13 1.21217e-12
20 6 2.5 2.5 -1.17512e-13 1.52162e-12
20 7 2.5 2.5 -5.52617e-14 1.50295e-12
20 8 2.5 2.5 2.1968e-17 1.40413e-12
20 9 2.5 2.5 -4.29424e-14 1.441e-12
20 10 2.5 2.5 -4.81103e-14 1.45272e-12
20 11 2.5 2.5 -3.25841e-14 1.40485e-12
20 12 2.5 2.5 -3.25697e-14 1.37678e-12
20 13 2.5 2.5 -3.97219e-14 1.36845e-12
20 14 2.5 2.5 -3.82979e-14 1.35158e-12
20 15 2.5 2.5 -3.64402e-14 1.32895e-12
20 16 2.5 2.5 -3.67111e-14 1.31524e-12
20 17 2.5 2.5 -3.82781e-14 1.30848e-12
20 18 2.5 2.5 -3.79712e-14 1.30268e-12
20 19 2.5 2.5 -3.76298e-14 1.2976e-12
20 20 2.5 2.5 -3.75629e-14 1.29777e-12
20 21 2.5 2.5 -3.82894e-14 1.30234e-12
20 22 2.5 2.5 -3.82639e-14 1.30887e-12
20 23 2.5 2.5 -3.82661e-14 1.31627e-12
20 24 2.5 2.5 -3.81568e-14 1.32425e-12
20 25 2.5 2.5 -3.83042e-14 1.33253e-12
20 26 2.5 2.5 -3.82386e-14 1.34078e-12
20 27 2.5 2.5 -3.82554e-14 1.34889e-12
20 28 2.5 2.5 -3.84361e-14 1.35524e-12
20 29 2.5 2.5 -3.77438e-14 1.36111e-12
20 30 2.5 2.5 -3.86471e-14 1.36694e-12
20 31 2.5 2.5 -3.79989e-14 1.36938e-12
21 0 2.5 2.5 3.45578e-13 1.13769e-12
21 1 2.5 2.5 -7.84564e-13 4.6641e-13
21 2 2.5 2.5 7.52962e-13 1.0138e-13
21 3 2.5 2.5 -3.62003e-13 1.00137e-12
21 4 2.5 2.5 7.25333e-15 7.70317e-13
21 5 2.5 2.5 1.30881e-13 6.42869e-13
21 6 2.5 2.5 -6.0862e-14 9.07262e-13
21 7 2.5 2.5 -1.18922e-14 8.87845e-13
21 8 2.5 2.5 3.44587e-14 8.02588e-13
21 9 2.5 2.5 -1.38298e-15 8.336e-13
21 10 2.5 2.5 -6.8333e-15 8.4197e-13
21 11 2.5 2.5 5.81047e-15 7.98375e-13
21 12 2.5 2.5 5.75019e-15 7.72148e-13
21 13 2.5 2.5 -3.53948e-16 7.63493e-13
21 14 2.5 2.5 6.37713e-16 7.47799e-13
21 15 2.5 2.5 2.30561e-15 7.27203e-13
21 16 2.5 2.5 2.21074e-15 7.14661e-13
21 17 2.5 2.5 9.7151e-16 7.08436e-13
21 18 2.5 2.5 1.35134e-15 7.03332e-13
21 19 2.5 2.5 1.76005e-15 6.98963e-13
21 20 2.5 2.5 1.96126e-15 6.99458e-13
21 21 2.5 2.5 1.41693e-15 7.0376e-13
21 22 2.5 2.5 1.60711e-15 7.10101e-13
21 23 2.5 2.5 1.62501e-15 7.17057e-13
21 24 2.5 2.5 1.80498e-15 7.24423e-13
21 25 2.5 2.5 1.72815e-15 7.32072e-13
21 26 2.5 2.5 1.81348e-15 7.39328e-13
21 27 2.5 2.5 1.88574e-15 7.46881e-13
21 28 2.5 2.5 1.62895e-15 7.52302e-13
21 29 2.5 2.5 2.47166e-15 7.57841e-13
21 30 2.5 2.5 1.40824e-15 7.63374e-13
21 31 2.5 2.5 2.07847e-15 7.65479e-13
22 0 2.5 2.5 3.63494e-13 8.8364e-13
22 1 2.5 2.5 -4.91158e-13 2.96224e-13
22 2 2.5 2.5 6.6986e-13 1.42253e-13
22 3 2.5 2.5 -1.66301e-13 8.89219e-13
22 4 2.5 2.5 1.05369e-13 6.9317e-13
22 5 2.5 2.5 2.04678e-13 6.0379e-13
22 6 2.5 2.5 6.03467e-14 8.16047e-13
22 7 2.5 2.5 9.62108e-14 7.96565e-13
22 8 2.5 2.5 1.34015e-13 7.27778e-13
22 9 2.5 2.5 1.08723e-13 7.52551e-13
22 10 2.5 2.5 1.053e-13 7.58724e-13
22 11 2.5 2.5 1.16153e-13 7.22966e-13
22 12 2.5 2.5 1.17245e-13 7.01455e-13
22 13 2.5 2.5 1.13201e-13 6.93974e-13
22 14 2.5 2.5 1.14453e-13 6.81031e-13
22 15 2.5 2.5 1.16132e-13 6.64141e-13
22 16 2.5 2.5 1.16363e-13 6.53918e-13
22 17 2.5 2.5 1.15512e-13 6.49047e-13
22 18 2.5 2.5 1.1581e-13 6.45218e-13
22 19 2.5 2.5 1.16192e-13 6.42117e-13
22 20 2.5 2.5 1.16251e-13 6.43097e-13
22 21 2.5 2.5 1.15759e-13 6.47396e-13
22 22 2.5 2.5 1.15721e-13 6.53282e-13
22 23 2.5 2.5 1.1568e-13 6.5966e-13
22 24 2.5 2.5 1.15745e-13 6.66311e-13
22 25 2.5 2.5 1.15542e-13 6.72863e-13
22 26 2.5 2.5 1.15703e-13 6.78927e-13
22 27 2.5 2.5 1.15601e-13 6.85495e-13
22 28 2.5 2.5 1.15253e-13 6.89609e-13
22 29 2.5 2.5 1.16237e-13 6.94536e-13
22 30 2.5 2.5 1.14983e-13 6.993e-13
22 31 2.5 2.5 1.15801e-13 7.00889e-13
23 0 2.5 2.5 2.71575e-14 1.14151e-12
23 1 2.5 2.5 -5.22294e-13 6.50331e-13
23 2 2.5 2.5 2.1863e-13 7.41095e-13
23 3 2.5 2.5 -3.10243e-13 1.35941e-12
23 4 2.5 2.5 -1.47242e-13 1.2552e-12
23 5 2.5 2.5 -7.75919e-14 1.24573e-12
23 6 2.5 2.5 -1.71044e-13 1.42584e-12
23 7 2.5 2.5 -1.52232e-13 1.42571e-12
23 8 2.5 2.5 -1.27702e-13 1.38995e-12
23 9 2.5 2.5 -1.45085e-13 1.4186e-12
23 10 2.5 2.5 -1.49434e-13 1.43122e-12
23 11 2.5 2.5 -1.43336e-13 1.41146e-12
23 12 2.5 2.5 -1.43229e-13 1.40034e-12
23 13 2.5 2.5 -1.4665e-13 1.3984e-12
23 14 2.5 2.5 -1.46562e-13 1.39207e-12
23 15 2.5 2.5 -1.45751e-13 1.38196e-12
23 16 2.5 2.5 -1.45738e-13 1.37647e-12
23 17 2.5 2.5 -1.46457e-13 1.37469e-12
23 18 2.5 2.5 -1.46351e-13 1.37341e-12
23 19 2.5 2.5 -1.45998e-13 1.37236e-12
23 20 2.5 2.5 -1.45906e-13 1.37433e-12
23 21 2.5 2.5 -1.46254e-13 1.3788e-12
23 22 2.5 2.5 -1.46218e-13 1.38442e-12
23 23 2.5 2.5 -1.46159e-13 1.39023e-12
23 24 2.5 2.5 -1.45944e-13 1.39612e-12
23 25 2.5 2.5 -1.46029e-13 1.40134e-12
23 26 2.5 2.5 -1.45742e-13 1.40602e-12
23 27 2.5 2.5 -1.45816e-13 1.41139e-12
23 28 2.5 2.5 -1.46123e-13 1.41416e-12
23 29 2.5 2.5 -1.45047e-13 1.41794e-12
23 30 2.5 2.5 -1.46384e-13 1.42186e-12
23 31 2.5 2.5 -1.45442e-13 1.42286e-12
24 0 2.5 2.5 -3.91724e-14 6.10868e-13
24 1 2.5 2.5 -2.63275e-13 -4.0154e-13
24 2 2.5 2.5 3.18339e-14 -5.22387e-13
24 3 2.5 2.5 -1.70903e-13 -3.32728e-13
24 4 2.5 2.5 -1.23483e-13 -4.97822e-13
24 5 2.5 2.5 -8.7079e-14 -5.11273e-13
24 6 2.5 2.5 -1.26753e-13 -4.18454e-13
24 7 2.5 2.5 -1.24838e-13 -4.31043e-13
24 8 2.5 2.5 -1.1351e-13 -4.56561e-13
24 9 2.5 2.5 -1.21097e-13 -4.45681e-13
24 10 2.5 2.5 -1.25142e-13 -4.44405e-13
24 11 2.5 2.5 -1.22713e-13 -4.6185e-13
24 12 2.5 2.5 -1.22362e-13 -4.73141e-13
24 13 2.5 2.5 -1.24148e-13 -4.77622e-13
24 14 2.5 2.5 -1.24559e-13 -4.83514e-13
24 15 2.5 2.5 -1.24196e-13 -4.90877e-13
24 16 2.5 2.5 -1.24226e-13 -4.94524e-13
24 17 2.5 2.5 -1.24653e-13 -4.95034e-13
24 18 2.5 2.5 -1.24762e-13 -4.94722e-13
24 19 2.5 2.5 -1.246e-13 -4.94132e-13
24 20 2.5 2.5 -1.24575e-13 -4.9112e-13
24 21 2.5 2.5 -1.24821e-13 -4.8632e-13
24 22 2.5 2.5 -1.24891e-13 -4.80623e-13
24 23 2.5 2.5 -1.2489e-13 -4.74929e-13
24 24 2.5 2.5 -1.2484e-13 -4.6956e-13
24 25 2.5 2.5 -1.24876e-13 -4.65214e-13
24 26 2.5 2.5 -1.2468e-13 -4.61491e-13
24 27 2.5 2.5 -1.24819e-13 -4.5697e-13
24 28 2.5 2.5 -1.25127e-13 -4.55434e-13
24 29 2.5 2.5 -1.24125e-13 -4.52599e-13
24 30 2.5 2.5 -1.25492e-13 -4.49454e-13
24 31 2.5 2.5 -1.24486e-13 -4.49274e-13
25 0 2.5 2.5 4.92095e-13 -3.05777e-13
25 1 2.5 2.5 6.03372e-13 -8.24059e-13
25 2 2.5 2.5 4.46526e-13 -5.51039e-13
25 3 2.5 2.5 5.84589e-13 -5.223e-13
25 4 2.5 2.5 5.24286e-13 -6.43452e-13
25 5 2.5 2.5 5.34442e-13 -6.34705e-13
25 6 2.5 2.5 5.58263e-13 -6.27325e-13
25 7 2.5 2.5 5.512e-13 -6.47918e-13
25 8 2.5 2.5 5.56215e-13 -6.56502e-13
25 9 2.5 2.5 5.64309e-13 -6.56073e-13
25 10 2.5 2.5 5.64738e-13 -6.57912e-13
25 11 2.5 2.5 5.66248e-13 -6.6469e-13
25 12 2.5 2.5 5.68863e-13 -6.69113e-13
25 13 2.5 2.5 5.70275e-13 -6.71013e-13
25 14 2.5 2.5 5.70537e-13 -6.72167e-13
25 15 2.5 2.5 5.71066e-13 -6.73508e-13
25 16 2.5 2.5 5.71542e-13 -6.72871e-13
25 17 2.5 2.5 5.71737e-13 -6.70516e-13
25 18 2.5 2.5 5.71595e-13 -6.67677e-13
25 19 2.5 2.5 5.7167e-13 -6.64958e-13
25 20 2.5 2.5 5.7162e-13 -6.60878e-13
25 21 2.5 2.5 5.71411e-13 -6.55903e-13
25 22 2.5 2.5 5.71186e-13 -6.50461e-13
25 23 2.5 2.5 5.71083e-13 -6.45523e-13
25 24 2.5 2.5 5.70961e-13 -6.41249e-13
25 25 2.5 2.5 5.70905e-13 -6.38162e-13
25 26 2.5 2.5 5.71013e-13 -6.35844e-13
25 27 2.5 2.5 5.70881e-13 -6.32694e-13
25 28 2.5 2.5 5.70594e-13 -6.32523e-13
25 29 2.5 2.5 5.71485e-13 -6.30654e-13
25 30 2.5 2.5 5.70283e-13 -6.28792e-13
25 31 2.5 2.5 5.71197e-13 -6.29265e-13
26 0 2.5 2.5 -6.31488e-13 1.29919e-12
26 1 2.5 2.5 -1.91022e-13 1.52396e-12
26 2 2.5 2.5 -8.02756e-13 2.50538e-12
26 3 2.5 2.5 -3.40268e-13 2.7203e-12
26 4 2.5 2.5 -5.19754e-13 2.93301e-12
26 5 2.5 2.5 -5.51922e-13 3.16478e-12
26 6 2.5 2.5 -4.83436e-13 3.21921e-12
26 7 2.5 2.5 -5.16567e-13 3.27957e-12
26 8 2.5 2.5 -5.321e-13 3.34888e-12
26 9 2.5 2.5 -5.19687e-13 3.38173e-12
26 10 2.5 2.5 -5.23735e-13 3.4074e-12
26 11 2.5 2.5 -5.30082e-13 3.43413e-12
26 12 2.5 2.5 -5.30425e-13 3.45303e-12
26 13 2.5 2.5 -5.29443e-13 3.465e-12
26 14 2.5 2.5 -5.31172e-13 3.47603e-12
26 15 2.5 2.5 -5.3215e-13 3.48549e-12
26 16 2.5 2.5 -5.3228e-13 3.49286e-12
26 17 2.5 2.5 -5.3201e-13 3.49887e-12
26 18 2.5 2.5 -5.32306e-13 3.50406e-12
26 19 2.5 2.5 -5.32211e-13 3.50829e-12
26 20 2.5 2.5 -5.32116e-13 3.51245e-12
26 21 2.5 2.5 -5.31986e-13 3.51664e-12
26 22 2.5 2.5 -5.3198e-13 3.52065e-12
26 23 2.5 2.5 -5.31799e-13 3.5241e-12
26 24 2.5 2.5 -5.31757e-13 3.52681e-12
26 25 2.5 2.5 -5.31623e-13 3.528e-12
26 26 2.5 2.5 -5.31372e-13 3.52845e-12
26 27 2.5 2.5 -5.31437e-13 3.52986e-12
26 28 2.5 2.5 -5.31636e-13 3.52859e-12
26 29 2.5 2.5 -5.30914e-13 3.52916e-12
26 30 2.5 2.5 -5.31824e-13 3.52968e-12
26 31 2.5 2.5 -5.31081e-13 3.52856e-12
27 0 2.5 2.5 -8.53301e-13 -4.32127e-13
27 1 2.5 2.5 -1.04748e-13 -2.90328e-12
27 2 2.5 2.5 -1.15591e-12 -3.69904e-12
27 3 2.5 2.5 -3.91641e-13 -4.82016e-12
27 4 2.5 2.5 -6.84716e-13 -5.15039e-12
27 5 2.5 2.5 -7.50784e-13 -5.20153e-12
27 6 2.5 2.5 -6.31716e-13 -5.40611e-12
27 7 2.5 2.5 -6.83659e-13 -5.46994e-12
27 8 2.5 2.5 -7.13573e-13 -5.47176e-12
27 9 2.5 2.5 -6.91433e-13 -5.51909e-12
27 10 2.5 2.5 -6.94569e-13 -5.5524e-12
27 11 2.5 2.5 -7.04535e-13 -5.55773e-12
27 12 2.5 2.5 -7.0455e-13 -5.56374e-12
27 13 2.5 2.5 -7.01333e-13 -5.57172e-12
27 14 2.5 2.5 -7.02835e-13 -5.57095e-12
27 15 2.5 2.5 -7.03782e-13 -5.56455e-12
27 16 2.5 2.5 -7.03281e-13 -5.55752e-12
27 17 2.5 2.5 -7.02213e-13 -5.55026e-12
27 18 2.5 2.5 -7.0222e-13 -5.54189e-12
27 19 2.5 2.5 -7.01963e-13 -5.53342e-12
27 20 2.5 2.5 -7.01779e-13 -5.52528e-12
27 21 2.5 2.5 -7.01547e-13 -5.51759e-12
27 22 2.5 2.5 -7.01494e-13 -5.5107e-12
27 23 2.5 2.5 -7.01407e-13 -5.50496e-12
27 24 2.5 2.5 -7.01458e-13 -5.50078e-12
27 25 2.5 2.5 -7.01264e-13 -5.49894e-12
27 26 2.5 2.5 -7.01114e-13 -5.4984e-12
27 27 2.5 2.5 -7.01248e-13 -5.49755e-12
27 28 2.5 2.5 -7.01392e-13 -5.49924e-12
27 29 2.5 2.5 -7.00897e-13 -5.49943e-12
27 30 2.5 2.5 -7.01537e-13 -5.50004e-12
27 31 2.5 2.5 -7.00988e-13 -5.50163e-12
28 0 2.5 2.5 2.41277e-12 -2.00333e-12
28 1 2.5 2.5 3.46806e-12 1.07742e-13
28 2 2.5 2.5 2.06303e-12 2.24007e-12
28 3 2.5 2.5 3.15372e-12 2.31904e-12
28 4 2.5 2.5 2.80037e-12 2.70236e-12
28 5 2.5 2.5 2.74765e-12 3.01113e-12
28 6 2.5 2.5 2.95742e-12 2.92422e-12
28 7 2.5 2.5 2.924e-12 2.98598e-12
28 8 2.5 2.5 2.90695e-12 3.10018e-12
28 9 2.5 2.5 2.95772e-12 3.12238e-12
28 10 2.5 2.5 2.9701e-12 3.14798e-12
28 11 2.5 2.5 2.96628e-12 3.20014e-12
28 12 2.5 2.5 2.97215e-12 3.23578e-12
28 13 2.5 2.5 2.98028e-12 3.2551e-12
28 14 2.5 2.5 2.98001e-12 3.27622e-12
28 15 2.5 2.5 2.97878e-12 3.29784e-12
28 16 2.5 2.5 2.97854e-12 3.31363e-12
28 17 2.5 2.5 2.97871e-12 3.32455e-12
28 18 2.5 2.5 2.97731e-12 3.33408e-12
28 19 2.5 2.5 2.97606e-12 3.34214e-12
28 20 2.5 2.5 2.97492e-12 3.34851e-12
28 21 2.5 2.5 2.97412e-12 3.35338e-12
28 22 2.5 2.5 2.97325e-12 3.35692e-12
28 23 2.5 2.5 2.97264e-12 3.3594e-12
28 24 2.5 2.5 2.97201e-12 3.36035e-12
28 25 2.5 2.5 2.97193e-12 3.35901e-12
28 26 2.5 2.5 2.97182e-12 3.35675e-12
28 27 2.5 2.5 2.97164e-12 3.35521e-12
28 28 2.5 2.5 2.97147e-12 3.35181e-12
28 29 2.5 2.5 2.97173e-12 3.35003e-12
28 30 2.5 2.5 2.97145e-12 3.34833e-12
28 31 2.5 2.5 2.97178e-12 3.3466e-12
29 0 2.5 2.5 -4.89918e-12 3.09107e-12
29 1 2.5 2.5 -3.62206e-12 1.04611e-12
29 2 2.5 2.5 -5.42327e-12 8.80603e-13
29 3 2.5 2.5 -4.14509e-12 -2.2922e-13
29 4 2.5 2.5 -4.6761e-12 -1.54634e-13
29 5 2.5 2.5 -4.85038e-12 6.8527e-14
29 6 2.5 2.5 -4.67426e-12 -1.23346e-13
29 7 2.5 2.5 -4.78376e-12 -9.56087e-14
29 8 2.5 2.5 -4.86541e-12 1.96658e-15
29 9 2.5 2.5 -4.84779e-12 -1.49648e-14
29 10 2.5 2.5 -4.86343e-12 -2.05551e-14
29 11 2.5 2.5 -4.8903e-12 1.68825e-14
29 12 2.5 2.5 -4.89778e-12 4.05372e-14
29 13 2.5 2.5 -4.89605e-12 4.91495e-14
29 14 2.5 2.5 -4.89988e-12 6.52027e-14
29 15 2.5 2.5 -4.9021e-12 8.66508e-14
29 16 2.5 2.5 -4.90116e-12 1.03124e-13
29 17 2.5 2.5 -4.8984e-12 1.15282e-13
29 18 2.5 2.5 -4.89703e-12 1.27164e-13
29 19 2.5 2.5 -4.89542e-12 1.38352e-13
29 20 2.5 2.5 -4.89381e-12 1.4754e-13
29 21 2.5 2.5 -4.89197e-12 1.54615e-13
29 22 2.5 2.5 -4.89077e-12 1.59854e-13
29 23 2.5 2.5 -4.88968e-12 1.63748e-13
29 24 2.5 2.5 -4.88912e-12 1.6559e-13
29 25 2.5 2.5 -4.88826e-12 1.64671e-13
29 26 2.5 2.5 -4.88787e-12 1.62634e-13
29 27 2.5 2.5 -4.88776e-12 1.6046e-13
29 28 2.5 2.5 -4.88763e-12 1.56737e-13
29 29 2.5 2.5 -4.88765e-12 1.54504e-13
29 30 2.5 2.5 -4.88787e-12 1.51791e-13
29 31 2.5 2.5 -4.88774e-12 1.49486e-13
30 0 2.5 2.5 3.93076e-12 -4.3568e-12
30 1 2.5 2.5 5.43002e-12 -4.57445e-12
30 2 2.5 2.5 3.36949e-12 -4.05131e-12
30 3 2.5 2.5 4.96119e-12 -5.30653e-12
30 4 2.5 2.5 4.48513e-12 -5.34994e-12
30 5 2.5 2.5 4.3862e-12 -5.25024e-12
30 6 2.5 2.5 4.69052e-12 -5.58614e-12
30 7 2.5 2.5 4.65599e-12 -5.61848e-12
30 8 2.5 2.5 4.62965e-12 -5.54714e-12
30 9 2.5 2.5 4.70115e-12 -5.59631e-12
30 10 2.5 2.5 4.72223e-12 -5.62258e-12
30 11 2.5 2.5 4.71808e-12 -5.59135e-12
30 12 2.5 2.5 4.72603e-12 -5.57177e-12
30 13 2.5 2.5 4.73764e-12 -5.5666e-12
30 14 2.5 2.5 4.73769e-12 -5.55007e-12
30 15 2.5 2.5 4.73592e-12 -5.52531e-12
30 16 2.5 2.5 4.73516e-12 -5.50555e-12
30 17 2.5 2.5 4.73519e-12 -5.48996e-12
30 18 2.5 2.5 4.73292e-12 -5.47449e-12
30 19 2.5 2.5 4.73087e-12 -5.45989e-12
30 20 2.5 2.5 4.729e-12 -5.44795e-12
30 21 2.5 2.5 4.7277e-12 -5.43886e-12
30 22 2.5 2.5 4.72619e-12 -5.43219e-12
30 23 2.5 2.5 4.7252e-12 -5.42693e-12
30 24 2.5 2.5 4.72413e-12 -5.42444e-12
30 25 2.5 2.5 4.7239e-12 -5.42519e-12
30 26 2.5 2.5 4.72348e-12 -5.42745e-12
30 27 2.5 2.5 4.72325e-12 -5.43055e-12
30 28 2.5 2.5 4.72326e-12 -5.43442e-12
30 29 2.5 2.5 4.72296e-12 -5.43753e-12
30 30 2.5 2.5 4.72336e-12 -5.44162e-12
30 31 2.5 2.5 4.72355e-12 -5.44383e-12
31 0 2.5 2.5 -2.34888e-12 -1.16817e-12
31 1 2.5 2.5 -6.20454e-13 -1.05069e-12
31 2 2.5 2.5 -2.94642e-12 -3.70242e-13
31 3 2.5 2.5 -1.30688e-12 -1.55663e-12
31 4 2.5 2.5 -1.88179e-12 -1.44081e-12
31 5 2.5 2.5 -2.07343e-12 -1.28357e-12
31 6 2.5 2.5 -1.8181e-12 -1.62301e-12
31 7 2.5 2.5 -1.91015e-12 -1.62641e-12
31 8 2.5 2.5 -1.98547e-12 -1.52693e-12
31 9 2.5 2.5 -1.94515e-12 -1.56391e-12
31 10 2.5 2.5 -1.94792e-12 -1.57767e-12
31 11 2.5 2.5 -1.96976e-12 -1.53192e-12
31 12 2.5 2.5 -1.97278e-12 -1.50364e-12
31 13 2.5 2.5 -1.96681e-12 -1.49418e-12
31 14 2.5 2.5 -1.9695e-12 -1.47454e-12
31 15 2.5 2.5 -1.97182e-12 -1.44785e-12
31 16 2.5 2.5 -1.97137e-12 -1.42778e-12
31 17 2.5 2.5 -1.96918e-12 -1.41296e-12
31 18 2.5 2.5 -1.96893e-12 -1.39885e-12
31 19 2.5 2.5 -1.96831e-12 -1.38564e-12
31 20 2.5 2.5 -1.96775e-12 -1.37533e-12
31 21 2.5 2.5 -1.96681e-12 -1.36782e-12
31 22 2.5 2.5 -1.96641e-12 -1.36241e-12
31 23 2.5 2.5 -1.96598e-12 -1.35814e-12
31 24 2.5 2.5 -1.96589e-12 -1.35685e-12
31 25 2.5 2.5 -1.96529e-12 -1.35847e-12
31 26 2.5 2.5 -1.96525e-12 -1.36151e-12
31 27 2.5 2.5 -1.96511e-12 -1.36539e-12
31 28 2.5 2.5 -1.96503e-12 -1.36904e-12
31 29 2.5 2.5 -1.96549e-12 -1.37305e-12
31 30 2.5 2.5 -1.96471e-12 -1.37711e-12
31 31 2.5 2.5 -1.96544e-12 -1.37915e-12
