0 0 0.5 0.5 0.02 -0.02 -2.5327e-16 -1.15711e-12
0 0.153125 0.5 0.5 0.02 -0.02 -2.63678e-16 -1.15807e-12
0 0.30625 0.5 0.5 0.02 -0.02 -2.67147e-16 -1.1588e-12
0 0.459375 0.5 0.5 0.02 -0.02 -2.70617e-16 -1.1593e-12
0 0.6125 0.5 0.5 0.02 -0.02 -2.70617e-16 -1.15953e-12
0 0.765625 0.5 0.5 0.02 -0.02 -2.63678e-16 -1.15952e-12
0 0.91875 0.5 0.5 0.02 -0.02 -2.63678e-16 -1.15927e-12
0 1.07187 0.5 0.5 0.02 -0.02 -2.60209e-16 -1.15879e-12
0 1.225 0.5 0.5 0.02 -0.02 -2.56739e-16 -1.1581e-12
0 1.37812 0.5 0.5 0.02 -0.02 -2.56739e-16 -1.15721e-12
0 1.53125 0.5 0.5 0.02 -0.02 -2.498e-16 -1.15613e-12
0 1.68437 0.5 0.5 0.02 -0.02 -2.46331e-16 -1.15488e-12
0 1.8375 0.5 0.5 0.02 -0.02 -2.42861e-16 -1.15346e-12
0 1.99062 0.5 0.5 0.02 -0.02 -2.35922e-16 -1.1519e-12
0 2.14375 0.5 0.5 0.02 -0.02 -2.35922e-16 -1.15021e-12
0 2.29687 0.5 0.5 0.02 -0.02 -2.25514e-16 -1.1484e-12
0 2.45 0.5 0.5 0.02 -0.02 -2.15106e-16 -1.1465e-12
0 2.60312 0.5 0.5 0.02 -0.02 -1.9082e-16 -1.14451e-12
0 2.75625 0.5 0.5 0.02 -0.02 -1.76942e-16 -1.14251e-12
0 2.90937 0.5 0.5 0.02 -0.02 -1.70003e-16 -1.14055e-12
0 3.0625 0.5 0.5 0.02 -0.02 -1.63064e-16 -1.13863e-12
0 3.21562 0.5 0.5 0.02 -0.02 -1.63064e-16 -1.13679e-12
0 3.36875 0.5 0.5 0.02 -0.02 -1.52656e-16 -1.13502e-12
0 3.52187 0.5 0.5 0.02 -0.02 -1.31839e-16 -1.13331e-12
0 3.675 0.5 0.5 0.02 -0.02 -1.04083e-16 -1.13172e-12
0 3.82812 0.5 0.5 0.02 -0.02 -8.32667e-17 -1.13032e-12
0 3.98125 0.5 0.5 0.02 -0.02 -8.67362e-17 -1.12918e-12
0 4.13437 0.5 0.5 0.02 -0.02 -1.00614e-16 -1.12828e-12
0 4.2875 0.5 0.5 0.02 -0.02 -1.04083e-16 -1.1276e-12
0 4.44062 0.5 0.5 0.02 -0.02 -1.07553e-16 -1.12711e-12
0 4.59375 0.5 0.5 0.02 -0.02 -1.07553e-16 -1.12679e-12
0 4.74687 0.5 0.5 0.02 -0.02 -1.07553e-16 -1.12664e-12
0.065625 0 0.5 0.5 0.02 -0.02 -2.60209e-16 -1.15826e-12
0.065625 0.153125 0.5 0.5 0.02 -0.02 -2.70617e-16 -1.15922e-12
0.065625 0.30625 0.5 0.5 0.02 -0.02 -2.70617e-16 -1.15995e-12
0.065625 0.459375 0.5 0.5 0.02 -0.02 -2.77556e-16 -1.16045e-12
0.065625 0.6125 0.5 0.5 0.02 -0.02 -2.74086e-16 -1.16068e-12
0.065625 0.765625 0.5 0.5 0.02 -0.02 -2.67147e-16 -1.16066e-12
0.065625 0.91875 0.5 0.5 0.02 -0.02 -2.67147e-16 -1.16042e-12
0.065625 1.07187 0.5 0.5 0.02 -0.02 -2.63678e-16 -1.15994e-12
0.065625 1.225 0.5 0.5 0.02 -0.02 -2.60209e-16 -1.15925e-12
0.065625 1.37812 0.5 0.5 0.02 -0.02 -2.60209e-16 -1.15836e-12
0.065625 1.53125 0.5 0.5 0.02 -0.02 -2.56739e-16 -1.15728e-12
0.065625 1.68437 0.5 0.5 0.02 -0.02 -2.56739e-16 -1.15602e-12
0.065625 1.8375 0.5 0.5 0.02 -0.02 -2.5327e-16 -1.15461e-12
0.065625 1.99062 0.5 0.5 0.02 -0.02 -2.42861e-16 -1.15305e-12
0.065625 2.14375 0.5 0.5 0.02 -0.02 -2.39392e-16 -1.15136e-12
0.065625 2.29687 0.5 0.5 0.02 -0.02 -2.28983e-16 -1.14955e-12
0.065625 2.45 0.5 0.5 0.02 -0.02 -2.22045e-16 -1.14765e-12
0.065625 2.60312 0.5 0.5 0.02 -0.02 -2.01228e-16 -1.14567e-12
0.065625 2.75625 0.5 0.5 0.02 -0.02 -1.83881e-16 -1.14367e-12
0.065625 2.90937 0.5 0.5 0.02 -0.02 -1.76942e-16 -1.14171e-12
0.065625 3.0625 0.5 0.5 0.02 -0.02 -1.73472e-16 -1.1398e-12
0.065625 3.21562 0.5 0.5 0.02 -0.02 -1.70003e-16 -1.13796e-12
0.065625 3.36875 0.5 0.5 0.02 -0.02 -1.63064e-16 -1.13619e-12
0.065625 3.52187 0.5 0.5 0.02 -0.02 -1.52656e-16 -1.13449e-12
0.065625 3.675 0.5 0.5 0.02 -0.02 -1.249e-16 -1.1329e-12
0.065625 3.82812 0.5 0.5 0.02 -0.02 -9.36751e-17 -1.1315e-12
0.065625 3.98125 0.5 0.5 0.02 -0.02 -1.07553e-16 -1.13036e-12
0.065625 4.13437 0.5 0.5 0.02 -0.02 -1.14492e-16 -1.12947e-12
0.065625 4.2875 0.5 0.5 0.02 -0.02 -1.17961e-16 -1.12878e-12
0.065625 4.44062 0.5 0.5 0.02 -0.02 -1.17961e-16 -1.12829e-12
0.065625 4.59375 0.5 0.5 0.02 -0.02 -1.21431e-16 -1.12797e-12
0.065625 4.74687 0.5 0.5 0.02 -0.02 -1.31839e-16 -1.12783e-12
0.13125 0 0.5 0.5 0.02 -0.02 -2.67147e-16 -1.15939e-12
0.13125 0.153125 0.5 0.5 0.02 -0.02 -2.77556e-16 -1.16035e-12
0.13125 0.30625 0.5 0.5 0.02 -0.02 -2.74086e-16 -1.16108e-12
0.13125 0.459375 0.5 0.5 0.02 -0.02 -2.81025e-16 -1.16158e-12
0.13125 0.6125 0.5 0.5 0.02 -0.02 -2.81025e-16 -1.16182e-12
0.13125 0.765625 0.5 0.5 0.02 -0.02 -2.74086e-16 -1.1618e-12
0.13125 0.91875 0.5 0.5 0.02 -0.02 -2.74086e-16 -1.16155e-12
0.13125 1.07187 0.5 0.5 0.02 -0.02 -2.70617e-16 -1.16108e-12
0.13125 1.225 0.5 0.5 0.02 -0.02 -2.67147e-16 -1.16038e-12
0.13125 1.37812 0.5 0.5 0.02 -0.02 -2.67147e-16 -1.15949e-12
0.13125 1.53125 0.5 0.5 0.02 -0.02 -2.60209e-16 -1.15841e-12
0.13125 1.68437 0.5 0.5 0.02 -0.02 -2.56739e-16 -1.15715e-12
0.13125 1.8375 0.5 0.5 0.02 -0.02 -2.56739e-16 -1.15574e-12
0.13125 1.99062 0.5 0.5 0.02 -0.02 -2.498e-16 -1.15418e-12
0.13125 2.14375 0.5 0.5 0.02 -0.02 -2.46331e-16 -1.15249e-12
0.13125 2.29687 0.5 0.5 0.02 -0.02 -2.35922e-16 -1.15069e-12
0.13125 2.45 0.5 0.5 0.02 -0.02 -2.28983e-16 -1.1488e-12
0.13125 2.60312 0.5 0.5 0.02 -0.02 -2.04697e-16 -1.14682e-12
0.13125 2.75625 0.5 0.5 0.02 -0.02 -1.8735e-16 -1.14483e-12
0.13125 2.90937 0.5 0.5 0.02 -0.02 -1.83881e-16 -1.14287e-12
0.13125 3.0625 0.5 0.5 0.02 -0.02 -1.80411e-16 -1.14096e-12
0.13125 3.21562 0.5 0.5 0.02 -0.02 -1.76942e-16 -1.13912e-12
0.13125 3.36875 0.5 0.5 0.02 -0.02 -1.70003e-16 -1.13736e-12
0.13125 3.52187 0.5 0.5 0.02 -0.02 -1.59595e-16 -1.13568e-12
0.13125 3.675 0.5 0.5 0.02 -0.02 -1.31839e-16 -1.1341e-12
0.13125 3.82812 0.5 0.5 0.02 -0.02 -1.00614e-16 -1.1327e-12
0.13125 3.98125 0.5 0.5 0.02 -0.02 -1.11022e-16 -1.13156e-12
0.13125 4.13437 0.5 0.5 0.02 -0.02 -1.17961e-16 -1.13066e-12
0.13125 4.2875 0.5 0.5 0.02 -0.02 -1.21431e-16 -1.12998e-12
0.13125 4.44062 0.5 0.5 0.02 -0.02 -1.249e-16 -1.12949e-12
0.13125 4.59375 0.5 0.5 0.02 -0.02 -1.249e-16 -1.12918e-12
0.13125 4.74687 0.5 0.5 0.02 -0.02 -1.38778e-16 -1.12903e-12
0.196875 0 0.5 0.5 0.02 -0.02 -2.74086e-16 -1.16051e-12
0.196875 0.153125 0.5 0.5 0.02 -0.02 -2.77556e-16 -1.16147e-12
0.196875 0.30625 0.5 0.5 0.02 -0.02 -2.84495e-16 -1.1622e-12
0.196875 0.459375 0.5 0.5 0.02 -0.02 -2.87964e-16 -1.1627e-12
0.196875 0.6125 0.5 0.5 0.02 -0.02 -2.87964e-16 -1.16293e-12
0.196875 0.765625 0.5 0.5 0.02 -0.02 -2.81025e-16 -1.16292e-12
0.196875 0.91875 0.5 0.5 0.02 -0.02 -2.81025e-16 -1.16267e-12
0.196875 1.07187 0.5 0.5 0.02 -0.02 -2.77556e-16 -1.1622e-12
0.196875 1.225 0.5 0.5 0.02 -0.02 -2.74086e-16 -1.1615e-12
0.196875 1.37812 0.5 0.5 0.02 -0.02 -2.74086e-16 -1.16061e-12
0.196875 1.53125 0.5 0.5 0.02 -0.02 -2.67147e-16 -1.15952e-12
0.196875 1.68437 0.5 0.5 0.02 -0.02 -2.63678e-16 -1.15827e-12
0.196875 1.8375 0.5 0.5 0.02 -0.02 -2.63678e-16 -1.15685e-12
0.196875 1.99062 0.5 0.5 0.02 -0.02 -2.5327e-16 -1.15529e-12
0.196875 2.14375 0.5 0.5 0.02 -0.02 -2.498e-16 -1.15361e-12
0.196875 2.29687 0.5 0.5 0.02 -0.02 -2.46331e-16 -1.15182e-12
0.196875 2.45 0.5 0.5 0.02 -0.02 -2.35922e-16 -1.14993e-12
0.196875 2.60312 0.5 0.5 0.02 -0.02 -2.28983e-16 -1.14797e-12
0.196875 2.75625 0.5 0.5 0.02 -0.02 -2.04697e-16 -1.14599e-12
0.196875 2.90937 0.5 0.5 0.02 -0.02 -1.9082e-16 -1.14402e-12
0.196875 3.0625 0.5 0.5 0.02 -0.02 -1.83881e-16 -1.14212e-12
0.196875 3.21562 0.5 0.5 0.02 -0.02 -1.80411e-16 -1.14029e-12
0.196875 3.36875 0.5 0.5 0.02 -0.02 -1.80411e-16 -1.13853e-12
0.196875 3.52187 0.5 0.5 0.02 -0.02 -1.76942e-16 -1.13687e-12
0.196875 3.675 0.5 0.5 0.02 -0.02 -1.49186e-16 -1.1353e-12
0.196875 3.82812 0.5 0.5 0.02 -0.02 -1.31839e-16 -1.13392e-12
0.196875 3.98125 0.5 0.5 0.02 -0.02 -1.249e-16 -1.13278e-12
0.196875 4.13437 0.5 0.5 0.02 -0.02 -1.2837e-16 -1.13187e-12
0.196875 4.2875 0.5 0.5 0.02 -0.02 -1.2837e-16 -1.13119e-12
0.196875 4.44062 0.5 0.5 0.02 -0.02 -1.42247e-16 -1.13071e-12
0.196875 4.59375 0.5 0.5 0.02 -0.02 -1.49186e-16 -1.13039e-12
0.196875 4.74687 0.5 0.5 0.02 -0.02 -1.59595e-16 -1.13025e-12
0.2625 0 0.5 0.5 0.02 -0.02 -2.74086e-16 -1.16161e-12
0.2625 0.153125 0.5 0.5 0.02 -0.02 -2.84495e-16 -1.16257e-12
0.2625 0.30625 0.5 0.5 0.02 -0.02 -2.91434e-16 -1.1633e-12
0.2625 0.459375 0.5 0.5 0.02 -0.02 -2.94903e-16 -1.16379e-12
0.2625 0.6125 0.5 0.5 0.02 -0.02 -2.91434e-16 -1.16403e-12
0.2625 0.765625 0.5 0.5 0.02 -0.02 -2.84495e-16 -1.16402e-12
0.2625 0.91875 0.5 0.5 0.02 -0.02 -2.84495e-16 -1.16377e-12
0.2625 1.07187 0.5 0.5 0.02 -0.02 -2.81025e-16 -1.16329e-12
0.2625 1.225 0.5 0.5 0.02 -0.02 -2.77556e-16 -1.1626e-12
0.2625 1.37812 0.5 0.5 0.02 -0.02 -2.77556e-16 -1.1617e-12
0.2625 1.53125 0.5 0.5 0.02 -0.02 -2.74086e-16 -1.16061e-12
0.2625 1.68437 0.5 0.5 0.02 -0.02 -2.70617e-16 -1.15936e-12
0.2625 1.8375 0.5 0.5 0.02 -0.02 -2.70617e-16 -1.15794e-12
0.2625 1.99062 0.5 0.5 0.02 -0.02 -2.56739e-16 -1.15638e-12
0.2625 2.14375 0.5 0.5 0.02 -0.02 -2.56739e-16 -1.15471e-12
0.2625 2.29687 0.5 0.5 0.02 -0.02 -2.498e-16 -1.15292e-12
0.2625 2.45 0.5 0.5 0.02 -0.02 -2.35922e-16 -1.15104e-12
0.2625 2.60312 0.5 0.5 0.02 -0.02 -2.28983e-16 -1.1491e-12
0.2625 2.75625 0.5 0.5 0.02 -0.02 -2.15106e-16 -1.14713e-12
0.2625 2.90937 0.5 0.5 0.02 -0.02 -1.97758e-16 -1.14517e-12
0.2625 3.0625 0.5 0.5 0.02 -0.02 -1.94289e-16 -1.14327e-12
0.2625 3.21562 0.5 0.5 0.02 -0.02 -1.9082e-16 -1.14144e-12
0.2625 3.36875 0.5 0.5 0.02 -0.02 -1.83881e-16 -1.1397e-12
0.2625 3.52187 0.5 0.5 0.02 -0.02 -1.80411e-16 -1.13805e-12
0.2625 3.675 0.5 0.5 0.02 -0.02 -1.56125e-16 -1.1365e-12
0.2625 3.82812 0.5 0.5 0.02 -0.02 -1.42247e-16 -1.13514e-12
0.2625 3.98125 0.5 0.5 0.02 -0.02 -1.38778e-16 -1.13399e-12
0.2625 4.13437 0.5 0.5 0.02 -0.02 -1.31839e-16 -1.13308e-12
0.2625 4.2875 0.5 0.5 0.02 -0.02 -1.52656e-16 -1.13241e-12
0.2625 4.44062 0.5 0.5 0.02 -0.02 -1.76942e-16 -1.13193e-12
0.2625 4.59375 0.5 0.5 0.02 -0.02 -1.66533e-16 -1.1316e-12
0.2625 4.74687 0.5 0.5 0.02 -0.02 -1.80411e-16 -1.13146e-12
0.328125 0 0.5 0.5 0.02 -0.02 -2.81025e-16 -1.16268e-12
0.328125 0.153125 0.5 0.5 0.02 -0.02 -2.87964e-16 -1.16364e-12
0.328125 0.30625 0.5 0.5 0.02 -0.02 -2.91434e-16 -1.16437e-12
0.328125 0.459375 0.5 0.5 0.02 -0.02 -2.91434e-16 -1.16486e-12
0.328125 0.6125 0.5 0.5 0.02 -0.02 -2.94903e-16 -1.1651e-12
0.328125 0.765625 0.5 0.5 0.02 -0.02 -2.91434e-16 -1.16509e-12
0.328125 0.91875 0.5 0.5 0.02 -0.02 -2.91434e-16 -1.16485e-12
0.328125 1.07187 0.5 0.5 0.02 -0.02 -2.87964e-16 -1.16437e-12
0.328125 1.225 0.5 0.5 0.02 -0.02 -2.84495e-16 -1.16367e-12
0.328125 1.37812 0.5 0.5 0.02 -0.02 -2.77556e-16 -1.16276e-12
0.328125 1.53125 0.5 0.5 0.02 -0.02 -2.74086e-16 -1.16168e-12
0.328125 1.68437 0.5 0.5 0.02 -0.02 -2.74086e-16 -1.16042e-12
0.328125 1.8375 0.5 0.5 0.02 -0.02 -2.67147e-16 -1.159e-12
0.328125 1.99062 0.5 0.5 0.02 -0.02 -2.63678e-16 -1.15745e-12
0.328125 2.14375 0.5 0.5 0.02 -0.02 -2.60209e-16 -1.15578e-12
0.328125 2.29687 0.5 0.5 0.02 -0.02 -2.5327e-16 -1.154e-12
0.328125 2.45 0.5 0.5 0.02 -0.02 -2.498e-16 -1.15214e-12
0.328125 2.60312 0.5 0.5 0.02 -0.02 -2.32453e-16 -1.15021e-12
0.328125 2.75625 0.5 0.5 0.02 -0.02 -2.18575e-16 -1.14825e-12
0.328125 2.90937 0.5 0.5 0.02 -0.02 -2.08167e-16 -1.1463e-12
0.328125 3.0625 0.5 0.5 0.02 -0.02 -1.97758e-16 -1.1444e-12
0.328125 3.21562 0.5 0.5 0.02 -0.02 -1.97758e-16 -1.14258e-12
0.328125 3.36875 0.5 0.5 0.02 -0.02 -1.9082e-16 -1.14085e-12
0.328125 3.52187 0.5 0.5 0.02 -0.02 -1.8735e-16 -1.13922e-12
0.328125 3.675 0.5 0.5 0.02 -0.02 -1.70003e-16 -1.13769e-12
0.328125 3.82812 0.5 0.5 0.02 -0.02 -1.70003e-16 -1.13635e-12
0.328125 3.98125 0.5 0.5 0.02 -0.02 -1.42247e-16 -1.1352e-12
0.328125 4.13437 0.5 0.5 0.02 -0.02 -1.42247e-16 -1.13429e-12
0.328125 4.2875 0.5 0.5 0.02 -0.02 -1.80411e-16 -1.13362e-12
0.328125 4.44062 0.5 0.5 0.02 -0.02 -1.83881e-16 -1.13313e-12
0.328125 4.59375 0.5 0.5 0.02 -0.02 -1.83881e-16 -1.1328e-12
0.328125 4.74687 0.5 0.5 0.02 -0.02 -1.83881e-16 -1.13265e-12
0.39375 0 0.5 0.5 0.02 -0.02 -2.87964e-16 -1.16372e-12
0.39375 0.153125 0.5 0.5 0.02 -0.02 -2.91434e-16 -1.16468e-12
0.39375 0.30625 0.5 0.5 0.02 -0.02 -2.94903e-16 -1.16541e-12
0.39375 0.459375 0.5 0.5 0.02 -0.02 -2.98372e-16 -1.1659e-12
0.39375 0.6125 0.5 0.5 0.02 -0.02 -3.01842e-16 -1.16615e-12
0.39375 0.765625 0.5 0.5 0.02 -0.02 -2.94903e-16 -1.16614e-12
0.39375 0.91875 0.5 0.5 0.02 -0.02 -2.94903e-16 -1.16589e-12
0.39375 1.07187 0.5 0.5 0.02 -0.02 -2.91434e-16 -1.16541e-12
0.39375 1.225 0.5 0.5 0.02 -0.02 -2.87964e-16 -1.16471e-12
0.39375 1.37812 0.5 0.5 0.02 -0.02 -2.81025e-16 -1.1638e-12
0.39375 1.53125 0.5 0.5 0.02 -0.02 -2.81025e-16 -1.16271e-12
0.39375 1.68437 0.5 0.5 0.02 -0.02 -2.77556e-16 -1.16145e-12
0.39375 1.8375 0.5 0.5 0.02 -0.02 -2.67147e-16 -1.16003e-12
0.39375 1.99062 0.5 0.5 0.02 -0.02 -2.67147e-16 -1.15848e-12
0.39375 2.14375 0.5 0.5 0.02 -0.02 -2.67147e-16 -1.15682e-12
0.39375 2.29687 0.5 0.5 0.02 -0.02 -2.60209e-16 -1.15505e-12
0.39375 2.45 0.5 0.5 0.02 -0.02 -2.56739e-16 -1.1532e-12
0.39375 2.60312 0.5 0.5 0.02 -0.02 -2.46331e-16 -1.15129e-12
0.39375 2.75625 0.5 0.5 0.02 -0.02 -2.39392e-16 -1.14935e-12
0.39375 2.90937 0.5 0.5 0.02 -0.02 -2.11636e-16 -1.1474e-12
0.39375 3.0625 0.5 0.5 0.02 -0.02 -2.01228e-16 -1.14551e-12
0.39375 3.21562 0.5 0.5 0.02 -0.02 -1.97758e-16 -1.1437e-12
0.39375 3.36875 0.5 0.5 0.02 -0.02 -1.97758e-16 -1.14199e-12
0.39375 3.52187 0.5 0.5 0.02 -0.02 -1.97758e-16 -1.14037e-12
0.39375 3.675 0.5 0.5 0.02 -0.02 -1.9082e-16 -1.13887e-12
0.39375 3.82812 0.5 0.5 0.02 -0.02 -1.9082e-16 -1.13753e-12
0.39375 3.98125 0.5 0.5 0.02 -0.02 -1.76942e-16 -1.13639e-12
0.39375 4.13437 0.5 0.5 0.02 -0.02 -1.9082e-16 -1.13549e-12
0.39375 4.2875 0.5 0.5 0.02 -0.02 -1.8735e-16 -1.1348e-12
0.39375 4.44062 0.5 0.5 0.02 -0.02 -1.8735e-16 -1.1343e-12
0.39375 4.59375 0.5 0.5 0.02 -0.02 -1.8735e-16 -1.13397e-12
0.39375 4.74687 0.5 0.5 0.02 -0.02 -1.8735e-16 -1.13381e-12
0.459375 0 0.5 0.5 0.02 -0.02 -2.84495e-16 -1.16474e-12
0.459375 0.153125 0.5 0.5 0.02 -0.02 -2.94903e-16 -1.1657e-12
0.459375 0.30625 0.5 0.5 0.02 -0.02 -2.98372e-16 -1.16643e-12
0.459375 0.459375 0.5 0.5 0.02 -0.02 -2.94903e-16 -1.16692e-12
0.459375 0.6125 0.5 0.5 0.02 -0.02 -2.98372e-16 -1.16716e-12
0.459375 0.765625 0.5 0.5 0.02 -0.02 -2.98372e-16 -1.16716e-12
0.459375 0.91875 0.5 0.5 0.02 -0.02 -3.01842e-16 -1.16691e-12
0.459375 1.07187 0.5 0.5 0.02 -0.02 -2.98372e-16 -1.16642e-12
0.459375 1.225 0.5 0.5 0.02 -0.02 -2.91434e-16 -1.16572e-12
0.459375 1.37812 0.5 0.5 0.02 -0.02 -2.84495e-16 -1.16481e-12
0.459375 1.53125 0.5 0.5 0.02 -0.02 -2.84495e-16 -1.16372e-12
0.459375 1.68437 0.5 0.5 0.02 -0.02 -2.74086e-16 -1.16245e-12
0.459375 1.8375 0.5 0.5 0.02 -0.02 -2.74086e-16 -1.16103e-12
0.459375 1.99062 0.5 0.5 0.02 -0.02 -2.70617e-16 -1.15949e-12
0.459375 2.14375 0.5 0.5 0.02 -0.02 -2.63678e-16 -1.15783e-12
0.459375 2.29687 0.5 0.5 0.02 -0.02 -2.60209e-16 -1.15607e-12
0.459375 2.45 0.5 0.5 0.02 -0.02 -2.60209e-16 -1.15424e-12
0.459375 2.60312 0.5 0.5 0.02 -0.02 -2.498e-16 -1.15234e-12
0.459375 2.75625 0.5 0.5 0.02 -0.02 -2.46331e-16 -1.15042e-12
0.459375 2.90937 0.5 0.5 0.02 -0.02 -2.15106e-16 -1.14848e-12
0.459375 3.0625 0.5 0.5 0.02 -0.02 -2.08167e-16 -1.1466e-12
0.459375 3.21562 0.5 0.5 0.02 -0.02 -2.04697e-16 -1.1448e-12
0.459375 3.36875 0.5 0.5 0.02 -0.02 -2.01228e-16 -1.1431e-12
0.459375 3.52187 0.5 0.5 0.02 -0.02 -1.97758e-16 -1.14149e-12
0.459375 3.675 0.5 0.5 0.02 -0.02 -1.97758e-16 -1.14001e-12
0.459375 3.82812 0.5 0.5 0.02 -0.02 -1.83881e-16 -1.13869e-12
0.459375 3.98125 0.5 0.5 0.02 -0.02 -1.80411e-16 -1.13755e-12
0.459375 4.13437 0.5 0.5 0.02 -0.02 -1.9082e-16 -1.13665e-12
0.459375 4.2875 0.5 0.5 0.02 -0.02 -1.94289e-16 -1.13596e-12
0.459375 4.44062 0.5 0.5 0.02 -0.02 -1.94289e-16 -1.13545e-12
0.459375 4.59375 0.5 0.5 0.02 -0.02 -1.97758e-16 -1.13512e-12
0.459375 4.74687 0.5 0.5 0.02 -0.02 -1.97758e-16 -1.13495e-12
0.525 0 0.5 0.5 0.02 -0.02 -2.84495e-16 -1.16572e-12
0.525 0.153125 0.5 0.5 0.02 -0.02 -2.98372e-16 -1.16668e-12
0.525 0.30625 0.5 0.5 0.02 -0.02 -3.01842e-16 -1.16741e-12
0.525 0.459375 0.5 0.5 0.02 -0.02 -2.98372e-16 -1.1679e-12
0.525 0.6125 0.5 0.5 0.02 -0.02 -3.01842e-16 -1.16814e-12
0.525 0.765625 0.5 0.5 0.02 -0.02 -3.01842e-16 -1.16814e-12
0.525 0.91875 0.5 0.5 0.02 -0.02 -3.01842e-16 -1.16789e-12
0.525 1.07187 0.5 0.5 0.02 -0.02 -2.98372e-16 -1.1674e-12
0.525 1.225 0.5 0.5 0.02 -0.02 -2.94903e-16 -1.1667e-12
0.525 1.37812 0.5 0.5 0.02 -0.02 -2.87964e-16 -1.16578e-12
0.525 1.53125 0.5 0.5 0.02 -0.02 -2.87964e-16 -1.16469e-12
0.525 1.68437 0.5 0.5 0.02 -0.02 -2.77556e-16 -1.16342e-12
0.525 1.8375 0.5 0.5 0.02 -0.02 -2.77556e-16 -1.162e-12
0.525 1.99062 0.5 0.5 0.02 -0.02 -2.74086e-16 -1.16046e-12
0.525 2.14375 0.5 0.5 0.02 -0.02 -2.70617e-16 -1.1588e-12
0.525 2.29687 0.5 0.5 0.02 -0.02 -2.63678e-16 -1.15705e-12
0.525 2.45 0.5 0.5 0.02 -0.02 -2.60209e-16 -1.15523e-12
0.525 2.60312 0.5 0.5 0.02 -0.02 -2.5327e-16 -1.15335e-12
0.525 2.75625 0.5 0.5 0.02 -0.02 -2.5327e-16 -1.15145e-12
0.525 2.90937 0.5 0.5 0.02 -0.02 -2.28983e-16 -1.14953e-12
0.525 3.0625 0.5 0.5 0.02 -0.02 -2.11636e-16 -1.14766e-12
0.525 3.21562 0.5 0.5 0.02 -0.02 -2.08167e-16 -1.14588e-12
0.525 3.36875 0.5 0.5 0.02 -0.02 -2.08167e-16 -1.14418e-12
0.525 3.52187 0.5 0.5 0.02 -0.02 -2.01228e-16 -1.14259e-12
0.525 3.675 0.5 0.5 0.02 -0.02 -1.97758e-16 -1.14112e-12
0.525 3.82812 0.5 0.5 0.02 -0.02 -1.97758e-16 -1.13981e-12
0.525 3.98125 0.5 0.5 0.02 -0.02 -1.94289e-16 -1.13868e-12
0.525 4.13437 0.5 0.5 0.02 -0.02 -1.97758e-16 -1.13777e-12
0.525 4.2875 0.5 0.5 0.02 -0.02 -2.01228e-16 -1.13707e-12
0.525 4.44062 0.5 0.5 0.02 -0.02 -2.01228e-16 -1.13656e-12
0.525 4.59375 0.5 0.5 0.02 -0.02 -2.01228e-16 -1.13622e-12
0.525 4.74687 0.5 0.5 0.02 -0.02 -2.01228e-16 -1.13606e-12
0.590625 0 0.5 0.5 0.02 -0.02 -2.87964e-16 -1.16667e-12
0.590625 0.153125 0.5 0.5 0.02 -0.02 -2.94903e-16 -1.16763e-12
0.590625 0.30625 0.5 0.5 0.02 -0.02 -2.98372e-16 -1.16836e-12
0.590625 0.459375 0.5 0.5 0.02 -0.02 -3.01842e-16 -1.16885e-12
0.590625 0.6125 0.5 0.5 0.02 -0.02 -3.01842e-16 -1.1691e-12
0.590625 0.765625 0.5 0.5 0.02 -0.02 -3.05311e-16 -1.16909e-12
0.590625 0.91875 0.5 0.5 0.02 -0.02 -3.01842e-16 -1.16884e-12
0.590625 1.07187 0.5 0.5 0.02 -0.02 -2.94903e-16 -1.16835e-12
0.590625 1.225 0.5 0.5 0.02 -0.02 -2.94903e-16 -1.16764e-12
0.590625 1.37812 0.5 0.5 0.02 -0.02 -2.91434e-16 -1.16672e-12
0.590625 1.53125 0.5 0.5 0.02 -0.02 -2.91434e-16 -1.16562e-12
0.590625 1.68437 0.5 0.5 0.02 -0.02 -2.84495e-16 -1.16435e-12
0.590625 1.8375 0.5 0.5 0.02 -0.02 -2.81025e-16 -1.16293e-12
0.590625 1.99062 0.5 0.5 0.02 -0.02 -2.77556e-16 -1.16139e-12
0.590625 2.14375 0.5 0.5 0.02 -0.02 -2.74086e-16 -1.15973e-12
0.590625 2.29687 0.5 0.5 0.02 -0.02 -2.67147e-16 -1.15799e-12
0.590625 2.45 0.5 0.5 0.02 -0.02 -2.67147e-16 -1.15618e-12
0.590625 2.60312 0.5 0.5 0.02 -0.02 -2.5327e-16 -1.15432e-12
0.590625 2.75625 0.5 0.5 0.02 -0.02 -2.5327e-16 -1.15244e-12
0.590625 2.90937 0.5 0.5 0.02 -0.02 -2.32453e-16 -1.15055e-12
0.590625 3.0625 0.5 0.5 0.02 -0.02 -2.22045e-16 -1.1487e-12
0.590625 3.21562 0.5 0.5 0.02 -0.02 -2.15106e-16 -1.14692e-12
0.590625 3.36875 0.5 0.5 0.02 -0.02 -2.11636e-16 -1.14524e-12
0.590625 3.52187 0.5 0.5 0.02 -0.02 -2.08167e-16 -1.14365e-12
0.590625 3.675 0.5 0.5 0.02 -0.02 -2.01228e-16 -1.1422e-12
0.590625 3.82812 0.5 0.5 0.02 -0.02 -2.01228e-16 -1.14089e-12
0.590625 3.98125 0.5 0.5 0.02 -0.02 -1.94289e-16 -1.13977e-12
0.590625 4.13437 0.5 0.5 0.02 -0.02 -2.01228e-16 -1.13885e-12
0.590625 4.2875 0.5 0.5 0.02 -0.02 -2.01228e-16 -1.13814e-12
0.590625 4.44062 0.5 0.5 0.02 -0.02 -2.08167e-16 -1.13763e-12
0.590625 4.59375 0.5 0.5 0.02 -0.02 -2.08167e-16 -1.13729e-12
0.590625 4.74687 0.5 0.5 0.02 -0.02 -2.08167e-16 -1.13712e-12
0.65625 0 0.5 0.5 0.02 -0.02 -2.91434e-16 -1.16759e-12
0.65625 0.153125 0.5 0.5 0.02 -0.02 -2.98372e-16 -1.16855e-12
0.65625 0.30625 0.5 0.5 0.02 -0.02 -3.01842e-16 -1.16928e-12
0.65625 0.459375 0.5 0.5 0.02 -0.02 -3.05311e-16 -1.16977e-12
0.65625 0.6125 0.5 0.5 0.02 -0.02 -3.05311e-16 -1.17001e-12
0.65625 0.765625 0.5 0.5 0.02 -0.02 -3.08781e-16 -1.17001e-12
0.65625 0.91875 0.5 0.5 0.02 -0.02 -3.01842e-16 -1.16975e-12
0.65625 1.07187 0.5 0.5 0.02 -0.02 -2.98372e-16 -1.16926e-12
0.65625 1.225 0.5 0.5 0.02 -0.02 -2.98372e-16 -1.16854e-12
0.65625 1.37812 0.5 0.5 0.02 -0.02 -2.94903e-16 -1.16763e-12
0.65625 1.53125 0.5 0.5 0.02 -0.02 -2.91434e-16 -1.16652e-12
0.65625 1.68437 0.5 0.5 0.02 -0.02 -2.84495e-16 -1.16524e-12
0.65625 1.8375 0.5 0.5 0.02 -0.02 -2.84495e-16 -1.16382e-12
0.65625 1.99062 0.5 0.5 0.02 -0.02 -2.81025e-16 -1.16227e-12
0.65625 2.14375 0.5 0.5 0.02 -0.02 -2.74086e-16 -1.16062e-12
0.65625 2.29687 0.5 0.5 0.02 -0.02 -2.70617e-16 -1.15889e-12
0.65625 2.45 0.5 0.5 0.02 -0.02 -2.67147e-16 -1.1571e-12
0.65625 2.60312 0.5 0.5 0.02 -0.02 -2.60209e-16 -1.15525e-12
0.65625 2.75625 0.5 0.5 0.02 -0.02 -2.5327e-16 -1.15339e-12
0.65625 2.90937 0.5 0.5 0.02 -0.02 -2.42861e-16 -1.15152e-12
0.65625 3.0625 0.5 0.5 0.02 -0.02 -2.32453e-16 -1.14969e-12
0.65625 3.21562 0.5 0.5 0.02 -0.02 -2.22045e-16 -1.14793e-12
0.65625 3.36875 0.5 0.5 0.02 -0.02 -2.22045e-16 -1.14626e-12
0.65625 3.52187 0.5 0.5 0.02 -0.02 -2.11636e-16 -1.14468e-12
0.65625 3.675 0.5 0.5 0.02 -0.02 -2.08167e-16 -1.14323e-12
0.65625 3.82812 0.5 0.5 0.02 -0.02 -2.04697e-16 -1.14194e-12
0.65625 3.98125 0.5 0.5 0.02 -0.02 -1.94289e-16 -1.14081e-12
0.65625 4.13437 0.5 0.5 0.02 -0.02 -1.97758e-16 -1.13989e-12
0.65625 4.2875 0.5 0.5 0.02 -0.02 -2.04697e-16 -1.13917e-12
0.65625 4.44062 0.5 0.5 0.02 -0.02 -2.08167e-16 -1.13866e-12
0.65625 4.59375 0.5 0.5 0.02 -0.02 -2.11636e-16 -1.13831e-12
0.65625 4.74687 0.5 0.5 0.02 -0.02 -2.11636e-16 -1.13814e-12
0.721875 0 0.5 0.5 0.02 -0.02 -2.94903e-16 -1.16848e-12
0.721875 0.153125 0.5 0.5 0.02 -0.02 -3.01842e-16 -1.16943e-12
0.721875 0.30625 0.5 0.5 0.02 -0.02 -3.01842e-16 -1.17016e-12
0.721875 0.459375 0.5 0.5 0.02 -0.02 -3.08781e-16 -1.17065e-12
0.721875 0.6125 0.5 0.5 0.02 -0.02 -3.08781e-16 -1.1709e-12
0.721875 0.765625 0.5 0.5 0.02 -0.02 -3.1225e-16 -1.17089e-12
0.721875 0.91875 0.5 0.5 0.02 -0.02 -3.1225e-16 -1.17063e-12
0.721875 1.07187 0.5 0.5 0.02 -0.02 -3.05311e-16 -1.17013e-12
0.721875 1.225 0.5 0.5 0.02 -0.02 -2.98372e-16 -1.16941e-12
0.721875 1.37812 0.5 0.5 0.02 -0.02 -2.98372e-16 -1.16849e-12
0.721875 1.53125 0.5 0.5 0.02 -0.02 -2.94903e-16 -1.16738e-12
0.721875 1.68437 0.5 0.5 0.02 -0.02 -2.84495e-16 -1.16609e-12
0.721875 1.8375 0.5 0.5 0.02 -0.02 -2.84495e-16 -1.16467e-12
0.721875 1.99062 0.5 0.5 0.02 -0.02 -2.84495e-16 -1.16312e-12
0.721875 2.14375 0.5 0.5 0.02 -0.02 -2.81025e-16 -1.16147e-12
0.721875 2.29687 0.5 0.5 0.02 -0.02 -2.67147e-16 -1.15974e-12
0.721875 2.45 0.5 0.5 0.02 -0.02 -2.70617e-16 -1.15796e-12
0.721875 2.60312 0.5 0.5 0.02 -0.02 -2.60209e-16 -1.15614e-12
0.721875 2.75625 0.5 0.5 0.02 -0.02 -2.60209e-16 -1.1543e-12
0.721875 2.90937 0.5 0.5 0.02 -0.02 -2.498e-16 -1.15246e-12
0.721875 3.0625 0.5 0.5 0.02 -0.02 -2.42861e-16 -1.15065e-12
0.721875 3.21562 0.5 0.5 0.02 -0.02 -2.28983e-16 -1.1489e-12
0.721875 3.36875 0.5 0.5 0.02 -0.02 -2.25514e-16 -1.14724e-12
0.721875 3.52187 0.5 0.5 0.02 -0.02 -2.22045e-16 -1.14567e-12
0.721875 3.675 0.5 0.5 0.02 -0.02 -2.18575e-16 -1.14423e-12
0.721875 3.82812 0.5 0.5 0.02 -0.02 -2.18575e-16 -1.14294e-12
0.721875 3.98125 0.5 0.5 0.02 -0.02 -2.08167e-16 -1.14181e-12
0.721875 4.13437 0.5 0.5 0.02 -0.02 -2.08167e-16 -1.14088e-12
0.721875 4.2875 0.5 0.5 0.02 -0.02 -2.08167e-16 -1.14016e-12
0.721875 4.44062 0.5 0.5 0.02 -0.02 -2.22045e-16 -1.13964e-12
0.721875 4.59375 0.5 0.5 0.02 -0.02 -2.22045e-16 -1.13929e-12
0.721875 4.74687 0.5 0.5 0.02 -0.02 -2.22045e-16 -1.13912e-12
0.7875 0 0.5 0.5 0.02 -0.02 -2.98372e-16 -1.16933e-12
0.7875 0.153125 0.5 0.5 0.02 -0.02 -3.01842e-16 -1.17028e-12
0.7875 0.30625 0.5 0.5 0.02 -0.02 -3.05311e-16 -1.17101e-12
0.7875 0.459375 0.5 0.5 0.02 -0.02 -3.08781e-16 -1.1715e-12
0.7875 0.6125 0.5 0.5 0.02 -0.02 -3.1225e-16 -1.17174e-12
0.7875 0.765625 0.5 0.5 0.02 -0.02 -3.1225e-16 -1.17173e-12
0.7875 0.91875 0.5 0.5 0.02 -0.02 -3.1225e-16 -1.17147e-12
0.7875 1.07187 0.5 0.5 0.02 -0.02 -3.05311e-16 -1.17096e-12
0.7875 1.225 0.5 0.5 0.02 -0.02 -3.01842e-16 -1.17024e-12
0.7875 1.37812 0.5 0.5 0.02 -0.02 -3.01842e-16 -1.16931e-12
0.7875 1.53125 0.5 0.5 0.02 -0.02 -2.98372e-16 -1.16819e-12
0.7875 1.68437 0.5 0.5 0.02 -0.02 -2.87964e-16 -1.1669e-12
0.7875 1.8375 0.5 0.5 0.02 -0.02 -2.87964e-16 -1.16547e-12
0.7875 1.99062 0.5 0.5 0.02 -0.02 -2.84495e-16 -1.16392e-12
0.7875 2.14375 0.5 0.5 0.02 -0.02 -2.81025e-16 -1.16226e-12
0.7875 2.29687 0.5 0.5 0.02 -0.02 -2.70617e-16 -1.16054e-12
0.7875 2.45 0.5 0.5 0.02 -0.02 -2.74086e-16 -1.15878e-12
0.7875 2.60312 0.5 0.5 0.02 -0.02 -2.63678e-16 -1.15698e-12
0.7875 2.75625 0.5 0.5 0.02 -0.02 -2.60209e-16 -1.15516e-12
0.7875 2.90937 0.5 0.5 0.02 -0.02 -2.56739e-16 -1.15334e-12
0.7875 3.0625 0.5 0.5 0.02 -0.02 -2.498e-16 -1.15156e-12
0.7875 3.21562 0.5 0.5 0.02 -0.02 -2.32453e-16 -1.14982e-12
0.7875 3.36875 0.5 0.5 0.02 -0.02 -2.32453e-16 -1.14818e-12
0.7875 3.52187 0.5 0.5 0.02 -0.02 -2.25514e-16 -1.14662e-12
0.7875 3.675 0.5 0.5 0.02 -0.02 -2.22045e-16 -1.14519e-12
0.7875 3.82812 0.5 0.5 0.02 -0.02 -2.22045e-16 -1.14389e-12
0.7875 3.98125 0.5 0.5 0.02 -0.02 -2.11636e-16 -1.14276e-12
0.7875 4.13437 0.5 0.5 0.02 -0.02 -2.11636e-16 -1.14182e-12
0.7875 4.2875 0.5 0.5 0.02 -0.02 -2.11636e-16 -1.14109e-12
0.7875 4.44062 0.5 0.5 0.02 -0.02 -2.22045e-16 -1.14057e-12
0.7875 4.59375 0.5 0.5 0.02 -0.02 -2.22045e-16 -1.14022e-12
0.7875 4.74687 0.5 0.5 0.02 -0.02 -2.22045e-16 -1.14004e-12
0.853125 0 0.5 0.5 0.02 -0.02 -3.01842e-16 -1.17014e-12
0.853125 0.153125 0.5 0.5 0.02 -0.02 -3.01842e-16 -1.17109e-12
0.853125 0.30625 0.5 0.5 0.02 -0.02 -3.08781e-16 -1.17182e-12
0.853125 0.459375 0.5 0.5 0.02 -0.02 -3.1225e-16 -1.17231e-12
0.853125 0.6125 0.5 0.5 0.02 -0.02 -3.1572e-16 -1.17255e-12
0.853125 0.765625 0.5 0.5 0.02 -0.02 -3.1572e-16 -1.17253e-12
0.853125 0.91875 0.5 0.5 0.02 -0.02 -3.1225e-16 -1.17227e-12
0.853125 1.07187 0.5 0.5 0.02 -0.02 -3.08781e-16 -1.17176e-12
0.853125 1.225 0.5 0.5 0.02 -0.02 -3.05311e-16 -1.17103e-12
0.853125 1.37812 0.5 0.5 0.02 -0.02 -3.01842e-16 -1.17009e-12
0.853125 1.53125 0.5 0.5 0.02 -0.02 -2.94903e-16 -1.16896e-12
0.853125 1.68437 0.5 0.5 0.02 -0.02 -2.91434e-16 -1.16767e-12
0.853125 1.8375 0.5 0.5 0.02 -0.02 -2.91434e-16 -1.16623e-12
0.853125 1.99062 0.5 0.5 0.02 -0.02 -2.84495e-16 -1.16467e-12
0.853125 2.14375 0.5 0.5 0.02 -0.02 -2.70617e-16 -1.16301e-12
0.853125 2.29687 0.5 0.5 0.02 -0.02 -2.70617e-16 -1.1613e-12
0.853125 2.45 0.5 0.5 0.02 -0.02 -2.70617e-16 -1.15955e-12
0.853125 2.60312 0.5 0.5 0.02 -0.02 -2.70617e-16 -1.15777e-12
0.853125 2.75625 0.5 0.5 0.02 -0.02 -2.63678e-16 -1.15597e-12
0.853125 2.90937 0.5 0.5 0.02 -0.02 -2.60209e-16 -1.15418e-12
0.853125 3.0625 0.5 0.5 0.02 -0.02 -2.56739e-16 -1.15241e-12
0.853125 3.21562 0.5 0.5 0.02 -0.02 -2.498e-16 -1.1507e-12
0.853125 3.36875 0.5 0.5 0.02 -0.02 -2.46331e-16 -1.14907e-12
0.853125 3.52187 0.5 0.5 0.02 -0.02 -2.32453e-16 -1.14752e-12
0.853125 3.675 0.5 0.5 0.02 -0.02 -2.32453e-16 -1.14609e-12
0.853125 3.82812 0.5 0.5 0.02 -0.02 -2.25514e-16 -1.1448e-12
0.853125 3.98125 0.5 0.5 0.02 -0.02 -2.15106e-16 -1.14366e-12
0.853125 4.13437 0.5 0.5 0.02 -0.02 -2.15106e-16 -1.14271e-12
0.853125 4.2875 0.5 0.5 0.02 -0.02 -2.11636e-16 -1.14197e-12
0.853125 4.44062 0.5 0.5 0.02 -0.02 -2.25514e-16 -1.14144e-12
0.853125 4.59375 0.5 0.5 0.02 -0.02 -2.35922e-16 -1.14109e-12
0.853125 4.74687 0.5 0.5 0.02 -0.02 -2.35922e-16 -1.14091e-12
0.91875 0 0.5 0.5 0.02 -0.02 -3.01842e-16 -1.17091e-12
0.91875 0.153125 0.5 0.5 0.02 -0.02 -3.05311e-16 -1.17186e-12
0.91875 0.30625 0.5 0.5 0.02 -0.02 -3.08781e-16 -1.17259e-12
0.91875 0.459375 0.5 0.5 0.02 -0.02 -3.1225e-16 -1.17308e-12
0.91875 0.6125 0.5 0.5 0.02 -0.02 -3.1572e-16 -1.17331e-12
0.91875 0.765625 0.5 0.5 0.02 -0.02 -3.1572e-16 -1.17329e-12
0.91875 0.91875 0.5 0.5 0.02 -0.02 -3.1225e-16 -1.17302e-12
0.91875 1.07187 0.5 0.5 0.02 -0.02 -3.08781e-16 -1.17251e-12
0.91875 1.225 0.5 0.5 0.02 -0.02 -3.05311e-16 -1.17177e-12
0.91875 1.37812 0.5 0.5 0.02 -0.02 -3.05311e-16 -1.17083e-12
0.91875 1.53125 0.5 0.5 0.02 -0.02 -2.94903e-16 -1.16969e-12
0.91875 1.68437 0.5 0.5 0.02 -0.02 -2.94903e-16 -1.16839e-12
0.91875 1.8375 0.5 0.5 0.02 -0.02 -2.91434e-16 -1.16694e-12
0.91875 1.99062 0.5 0.5 0.02 -0.02 -2.84495e-16 -1.16537e-12
0.91875 2.14375 0.5 0.5 0.02 -0.02 -2.74086e-16 -1.16371e-12
0.91875 2.29687 0.5 0.5 0.02 -0.02 -2.70617e-16 -1.16201e-12
0.91875 2.45 0.5 0.5 0.02 -0.02 -2.70617e-16 -1.16027e-12
0.91875 2.60312 0.5 0.5 0.02 -0.02 -2.74086e-16 -1.15851e-12
0.91875 2.75625 0.5 0.5 0.02 -0.02 -2.63678e-16 -1.15673e-12
0.91875 2.90937 0.5 0.5 0.02 -0.02 -2.63678e-16 -1.15496e-12
0.91875 3.0625 0.5 0.5 0.02 -0.02 -2.56739e-16 -1.15321e-12
0.91875 3.21562 0.5 0.5 0.02 -0.02 -2.5327e-16 -1.15152e-12
0.91875 3.36875 0.5 0.5 0.02 -0.02 -2.498e-16 -1.14991e-12
0.91875 3.52187 0.5 0.5 0.02 -0.02 -2.35922e-16 -1.14837e-12
0.91875 3.675 0.5 0.5 0.02 -0.02 -2.32453e-16 -1.14694e-12
0.91875 3.82812 0.5 0.5 0.02 -0.02 -2.28983e-16 -1.14565e-12
0.91875 3.98125 0.5 0.5 0.02 -0.02 -2.15106e-16 -1.1445e-12
0.91875 4.13437 0.5 0.5 0.02 -0.02 -2.15106e-16 -1.14355e-12
0.91875 4.2875 0.5 0.5 0.02 -0.02 -2.15106e-16 -1.1428e-12
0.91875 4.44062 0.5 0.5 0.02 -0.02 -2.28983e-16 -1.14225e-12
0.91875 4.59375 0.5 0.5 0.02 -0.02 -2.25514e-16 -1.1419e-12
0.91875 4.74687 0.5 0.5 0.02 -0.02 -2.25514e-16 -1.14171e-12
0.984375 0 0.5 0.5 0.02 -0.02 -3.01842e-16 -1.17164e-12
0.984375 0.153125 0.5 0.5 0.02 -0.02 -3.05311e-16 -1.17259e-12
0.984375 0.30625 0.5 0.5 0.02 -0.02 -3.1225e-16 -1.17332e-12
0.984375 0.459375 0.5 0.5 0.02 -0.02 -3.1572e-16 -1.1738e-12
0.984375 0.6125 0.5 0.5 0.02 -0.02 -3.1572e-16 -1.17404e-12
0.984375 0.765625 0.5 0.5 0.02 -0.02 -3.1572e-16 -1.17401e-12
0.984375 0.91875 0.5 0.5 0.02 -0.02 -3.08781e-16 -1.17373e-12
0.984375 1.07187 0.5 0.5 0.02 -0.02 -3.05311e-16 -1.17321e-12
0.984375 1.225 0.5 0.5 0.02 -0.02 -3.05311e-16 -1.17247e-12
0.984375 1.37812 0.5 0.5 0.02 -0.02 -3.05311e-16 -1.17152e-12
0.984375 1.53125 0.5 0.5 0.02 -0.02 -2.98372e-16 -1.17038e-12
0.984375 1.68437 0.5 0.5 0.02 -0.02 -2.98372e-16 -1.16906e-12
0.984375 1.8375 0.5 0.5 0.02 -0.02 -2.94903e-16 -1.1676e-12
0.984375 1.99062 0.5 0.5 0.02 -0.02 -2.77556e-16 -1.16602e-12
0.984375 2.14375 0.5 0.5 0.02 -0.02 -2.67147e-16 -1.16436e-12
0.984375 2.29687 0.5 0.5 0.02 -0.02 -2.70617e-16 -1.16266e-12
0.984375 2.45 0.5 0.5 0.02 -0.02 -2.70617e-16 -1.16094e-12
0.984375 2.60312 0.5 0.5 0.02 -0.02 -2.70617e-16 -1.15919e-12
0.984375 2.75625 0.5 0.5 0.02 -0.02 -2.67147e-16 -1.15743e-12
0.984375 2.90937 0.5 0.5 0.02 -0.02 -2.60209e-16 -1.15568e-12
0.984375 3.0625 0.5 0.5 0.02 -0.02 -2.60209e-16 -1.15396e-12
0.984375 3.21562 0.5 0.5 0.02 -0.02 -2.56739e-16 -1.15229e-12
0.984375 3.36875 0.5 0.5 0.02 -0.02 -2.56739e-16 -1.15069e-12
0.984375 3.52187 0.5 0.5 0.02 -0.02 -2.498e-16 -1.14916e-12
0.984375 3.675 0.5 0.5 0.02 -0.02 -2.42861e-16 -1.14774e-12
0.984375 3.82812 0.5 0.5 0.02 -0.02 -2.32453e-16 -1.14644e-12
0.984375 3.98125 0.5 0.5 0.02 -0.02 -2.25514e-16 -1.14529e-12
0.984375 4.13437 0.5 0.5 0.02 -0.02 -2.15106e-16 -1.14433e-12
0.984375 4.2875 0.5 0.5 0.02 -0.02 -2.15106e-16 -1.14357e-12
0.984375 4.44062 0.5 0.5 0.02 -0.02 -2.08167e-16 -1.14301e-12
0.984375 4.59375 0.5 0.5 0.02 -0.02 -2.28983e-16 -1.14265e-12
0.984375 4.74687 0.5 0.5 0.02 -0.02 -2.25514e-16 -1.14246e-12
1.05 0 0.5 0.5 0.02 -0.02 -3.01842e-16 -1.17233e-12
1.05 0.153125 0.5 0.5 0.02 -0.02 -3.08781e-16 -1.17329e-12
1.05 0.30625 0.5 0.5 0.02 -0.02 -3.1225e-16 -1.17401e-12
1.05 0.459375 0.5 0.5 0.02 -0.02 -3.1572e-16 -1.17449e-12
1.05 0.6125 0.5 0.5 0.02 -0.02 -3.1572e-16 -1.17472e-12
1.05 0.765625 0.5 0.5 0.02 -0.02 -3.1572e-16 -1.17469e-12
1.05 0.91875 0.5 0.5 0.02 -0.02 -3.1225e-16 -1.17441e-12
1.05 1.07187 0.5 0.5 0.02 -0.02 -3.08781e-16 -1.17388e-12
1.05 1.225 0.5 0.5 0.02 -0.02 -3.05311e-16 -1.17313e-12
1.05 1.37812 0.5 0.5 0.02 -0.02 -3.05311e-16 -1.17217e-12
1.05 1.53125 0.5 0.5 0.02 -0.02 -2.98372e-16 -1.17101e-12
1.05 1.68437 0.5 0.5 0.02 -0.02 -2.98372e-16 -1.16969e-12
1.05 1.8375 0.5 0.5 0.02 -0.02 -2.94903e-16 -1.16822e-12
1.05 1.99062 0.5 0.5 0.02 -0.02 -2.81025e-16 -1.16662e-12
1.05 2.14375 0.5 0.5 0.02 -0.02 -2.70617e-16 -1.16496e-12
1.05 2.29687 0.5 0.5 0.02 -0.02 -2.70617e-16 -1.16327e-12
1.05 2.45 0.5 0.5 0.02 -0.02 -2.70617e-16 -1.16155e-12
1.05 2.60312 0.5 0.5 0.02 -0.02 -2.70617e-16 -1.15982e-12
1.05 2.75625 0.5 0.5 0.02 -0.02 -2.70617e-16 -1.15808e-12
1.05 2.90937 0.5 0.5 0.02 -0.02 -2.63678e-16 -1.15635e-12
1.05 3.0625 0.5 0.5 0.02 -0.02 -2.60209e-16 -1.15464e-12
1.05 3.21562 0.5 0.5 0.02 -0.02 -2.56739e-16 -1.15299e-12
1.05 3.36875 0.5 0.5 0.02 -0.02 -2.56739e-16 -1.15141e-12
1.05 3.52187 0.5 0.5 0.02 -0.02 -2.498e-16 -1.1499e-12
1.05 3.675 0.5 0.5 0.02 -0.02 -2.42861e-16 -1.14848e-12
1.05 3.82812 0.5 0.5 0.02 -0.02 -2.32453e-16 -1.14718e-12
1.05 3.98125 0.5 0.5 0.02 -0.02 -2.28983e-16 -1.14603e-12
1.05 4.13437 0.5 0.5 0.02 -0.02 -2.25514e-16 -1.14506e-12
1.05 4.2875 0.5 0.5 0.02 -0.02 -2.18575e-16 -1.14428e-12
1.05 4.44062 0.5 0.5 0.02 -0.02 -2.11636e-16 -1.14371e-12
1.05 4.59375 0.5 0.5 0.02 -0.02 -2.18575e-16 -1.14334e-12
1.05 4.74687 0.5 0.5 0.02 -0.02 -2.08167e-16 -1.14314e-12
1.11562 0 0.5 0.5 0.02 -0.02 -3.01842e-16 -1.17299e-12
1.11562 0.153125 0.5 0.5 0.02 -0.02 -3.08781e-16 -1.17394e-12
1.11562 0.30625 0.5 0.5 0.02 -0.02 -3.1572e-16 -1.17466e-12
1.11562 0.459375 0.5 0.5 0.02 -0.02 -3.1572e-16 -1.17514e-12
1.11562 0.6125 0.5 0.5 0.02 -0.02 -3.19189e-16 -1.17536e-12
1.11562 0.765625 0.5 0.5 0.02 -0.02 -3.1572e-16 -1.17533e-12
1.11562 0.91875 0.5 0.5 0.02 -0.02 -3.1225e-16 -1.17504e-12
1.11562 1.07187 0.5 0.5 0.02 -0.02 -3.08781e-16 -1.17451e-12
1.11562 1.225 0.5 0.5 0.02 -0.02 -3.08781e-16 -1.17375e-12
1.11562 1.37812 0.5 0.5 0.02 -0.02 -2.98372e-16 -1.17277e-12
1.11562 1.53125 0.5 0.5 0.02 -0.02 -2.98372e-16 -1.17161e-12
1.11562 1.68437 0.5 0.5 0.02 -0.02 -2.98372e-16 -1.17027e-12
1.11562 1.8375 0.5 0.5 0.02 -0.02 -2.84495e-16 -1.16878e-12
1.11562 1.99062 0.5 0.5 0.02 -0.02 -2.70617e-16 -1.16717e-12
1.11562 2.14375 0.5 0.5 0.02 -0.02 -2.56739e-16 -1.16551e-12
1.11562 2.29687 0.5 0.5 0.02 -0.02 -2.60209e-16 -1.16382e-12
1.11562 2.45 0.5 0.5 0.02 -0.02 -2.63678e-16 -1.16212e-12
1.11562 2.60312 0.5 0.5 0.02 -0.02 -2.63678e-16 -1.1604e-12
1.11562 2.75625 0.5 0.5 0.02 -0.02 -2.67147e-16 -1.15867e-12
1.11562 2.90937 0.5 0.5 0.02 -0.02 -2.60209e-16 -1.15696e-12
1.11562 3.0625 0.5 0.5 0.02 -0.02 -2.56739e-16 -1.15527e-12
1.11562 3.21562 0.5 0.5 0.02 -0.02 -2.5327e-16 -1.15364e-12
1.11562 3.36875 0.5 0.5 0.02 -0.02 -2.56739e-16 -1.15207e-12
1.11562 3.52187 0.5 0.5 0.02 -0.02 -2.46331e-16 -1.15057e-12
1.11562 3.675 0.5 0.5 0.02 -0.02 -2.46331e-16 -1.14916e-12
1.11562 3.82812 0.5 0.5 0.02 -0.02 -2.32453e-16 -1.14786e-12
1.11562 3.98125 0.5 0.5 0.02 -0.02 -2.25514e-16 -1.1467e-12
1.11562 4.13437 0.5 0.5 0.02 -0.02 -2.18575e-16 -1.14573e-12
1.11562 4.2875 0.5 0.5 0.02 -0.02 -2.15106e-16 -1.14495e-12
1.11562 4.44062 0.5 0.5 0.02 -0.02 -2.18575e-16 -1.14436e-12
1.11562 4.59375 0.5 0.5 0.02 -0.02 -2.18575e-16 -1.14398e-12
1.11562 4.74687 0.5 0.5 0.02 -0.02 -2.15106e-16 -1.14378e-12
1.18125 0 0.5 0.5 0.02 -0.02 -3.05311e-16 -1.1736e-12
1.18125 0.153125 0.5 0.5 0.02 -0.02 -3.08781e-16 -1.17454e-12
1.18125 0.30625 0.5 0.5 0.02 -0.02 -3.1572e-16 -1.17527e-12
1.18125 0.459375 0.5 0.5 0.02 -0.02 -3.1572e-16 -1.17574e-12
1.18125 0.6125 0.5 0.5 0.02 -0.02 -3.19189e-16 -1.17596e-12
1.18125 0.765625 0.5 0.5 0.02 -0.02 -3.1572e-16 -1.17592e-12
1.18125 0.91875 0.5 0.5 0.02 -0.02 -3.1225e-16 -1.17563e-12
1.18125 1.07187 0.5 0.5 0.02 -0.02 -3.08781e-16 -1.17509e-12
1.18125 1.225 0.5 0.5 0.02 -0.02 -3.08781e-16 -1.17432e-12
1.18125 1.37812 0.5 0.5 0.02 -0.02 -3.01842e-16 -1.17333e-12
1.18125 1.53125 0.5 0.5 0.02 -0.02 -2.98372e-16 -1.17215e-12
1.18125 1.68437 0.5 0.5 0.02 -0.02 -2.98372e-16 -1.1708e-12
1.18125 1.8375 0.5 0.5 0.02 -0.02 -2.84495e-16 -1.16929e-12
1.18125 1.99062 0.5 0.5 0.02 -0.02 -2.70617e-16 -1.16768e-12
1.18125 2.14375 0.5 0.5 0.02 -0.02 -2.60209e-16 -1.16601e-12
1.18125 2.29687 0.5 0.5 0.02 -0.02 -2.60209e-16 -1.16433e-12
1.18125 2.45 0.5 0.5 0.02 -0.02 -2.63678e-16 -1.16263e-12
1.18125 2.60312 0.5 0.5 0.02 -0.02 -2.63678e-16 -1.16092e-12
1.18125 2.75625 0.5 0.5 0.02 -0.02 -2.63678e-16 -1.15921e-12
1.18125 2.90937 0.5 0.5 0.02 -0.02 -2.60209e-16 -1.15751e-12
1.18125 3.0625 0.5 0.5 0.02 -0.02 -2.498e-16 -1.15584e-12
1.18125 3.21562 0.5 0.5 0.02 -0.02 -2.5327e-16 -1.15423e-12
1.18125 3.36875 0.5 0.5 0.02 -0.02 -2.56739e-16 -1.15268e-12
1.18125 3.52187 0.5 0.5 0.02 -0.02 -2.498e-16 -1.15119e-12
1.18125 3.675 0.5 0.5 0.02 -0.02 -2.498e-16 -1.14978e-12
1.18125 3.82812 0.5 0.5 0.02 -0.02 -2.35922e-16 -1.14848e-12
1.18125 3.98125 0.5 0.5 0.02 -0.02 -2.15106e-16 -1.14732e-12
1.18125 4.13437 0.5 0.5 0.02 -0.02 -2.18575e-16 -1.14634e-12
1.18125 4.2875 0.5 0.5 0.02 -0.02 -2.11636e-16 -1.14555e-12
1.18125 4.44062 0.5 0.5 0.02 -0.02 -2.15106e-16 -1.14496e-12
1.18125 4.59375 0.5 0.5 0.02 -0.02 -2.15106e-16 -1.14456e-12
1.18125 4.74687 0.5 0.5 0.02 -0.02 -2.11636e-16 -1.14436e-12
1.24687 0 0.5 0.5 0.02 -0.02 -3.05311e-16 -1.17416e-12
1.24687 0.153125 0.5 0.5 0.02 -0.02 -3.1225e-16 -1.17511e-12
1.24687 0.30625 0.5 0.5 0.02 -0.02 -3.1572e-16 -1.17583e-12
1.24687 0.459375 0.5 0.5 0.02 -0.02 -3.1572e-16 -1.1763e-12
1.24687 0.6125 0.5 0.5 0.02 -0.02 -3.1572e-16 -1.17652e-12
1.24687 0.765625 0.5 0.5 0.02 -0.02 -3.19189e-16 -1.17648e-12
1.24687 0.91875 0.5 0.5 0.02 -0.02 -3.1572e-16 -1.17618e-12
1.24687 1.07187 0.5 0.5 0.02 -0.02 -3.1225e-16 -1.17563e-12
1.24687 1.225 0.5 0.5 0.02 -0.02 -3.08781e-16 -1.17486e-12
1.24687 1.37812 0.5 0.5 0.02 -0.02 -3.01842e-16 -1.17385e-12
1.24687 1.53125 0.5 0.5 0.02 -0.02 -3.01842e-16 -1.17266e-12
1.24687 1.68437 0.5 0.5 0.02 -0.02 -2.91434e-16 -1.17128e-12
1.24687 1.8375 0.5 0.5 0.02 -0.02 -2.77556e-16 -1.16976e-12
1.24687 1.99062 0.5 0.5 0.02 -0.02 -2.67147e-16 -1.16814e-12
1.24687 2.14375 0.5 0.5 0.02 -0.02 -2.60209e-16 -1.16648e-12
1.24687 2.29687 0.5 0.5 0.02 -0.02 -2.56739e-16 -1.16479e-12
1.24687 2.45 0.5 0.5 0.02 -0.02 -2.56739e-16 -1.16309e-12
1.24687 2.60312 0.5 0.5 0.02 -0.02 -2.5327e-16 -1.16139e-12
1.24687 2.75625 0.5 0.5 0.02 -0.02 -2.498e-16 -1.15969e-12
1.24687 2.90937 0.5 0.5 0.02 -0.02 -2.498e-16 -1.15801e-12
1.24687 3.0625 0.5 0.5 0.02 -0.02 -2.498e-16 -1.15636e-12
1.24687 3.21562 0.5 0.5 0.02 -0.02 -2.46331e-16 -1.15476e-12
1.24687 3.36875 0.5 0.5 0.02 -0.02 -2.56739e-16 -1.15323e-12
1.24687 3.52187 0.5 0.5 0.02 -0.02 -2.498e-16 -1.15175e-12
1.24687 3.675 0.5 0.5 0.02 -0.02 -2.498e-16 -1.15035e-12
1.24687 3.82812 0.5 0.5 0.02 -0.02 -2.28983e-16 -1.14904e-12
1.24687 3.98125 0.5 0.5 0.02 -0.02 -2.18575e-16 -1.14788e-12
1.24687 4.13437 0.5 0.5 0.02 -0.02 -2.18575e-16 -1.1469e-12
1.24687 4.2875 0.5 0.5 0.02 -0.02 -2.11636e-16 -1.14611e-12
1.24687 4.44062 0.5 0.5 0.02 -0.02 -2.11636e-16 -1.1455e-12
1.24687 4.59375 0.5 0.5 0.02 -0.02 -2.04697e-16 -1.1451e-12
1.24687 4.74687 0.5 0.5 0.02 -0.02 -2.11636e-16 -1.14489e-12
1.3125 0 0.5 0.5 0.02 -0.02 -3.08781e-16 -1.17469e-12
1.3125 0.153125 0.5 0.5 0.02 -0.02 -3.1225e-16 -1.17564e-12
1.3125 0.30625 0.5 0.5 0.02 -0.02 -3.1572e-16 -1.17635e-12
1.3125 0.459375 0.5 0.5 0.02 -0.02 -3.1572e-16 -1.17682e-12
1.3125 0.6125 0.5 0.5 0.02 -0.02 -3.19189e-16 -1.17704e-12
1.3125 0.765625 0.5 0.5 0.02 -0.02 -3.19189e-16 -1.17699e-12
1.3125 0.91875 0.5 0.5 0.02 -0.02 -3.1572e-16 -1.17669e-12
1.3125 1.07187 0.5 0.5 0.02 -0.02 -3.1225e-16 -1.17613e-12
1.3125 1.225 0.5 0.5 0.02 -0.02 -3.1225e-16 -1.17535e-12
1.3125 1.37812 0.5 0.5 0.02 -0.02 -3.01842e-16 -1.17433e-12
1.3125 1.53125 0.5 0.5 0.02 -0.02 -3.01842e-16 -1.17312e-12
1.3125 1.68437 0.5 0.5 0.02 -0.02 -2.94903e-16 -1.17172e-12
1.3125 1.8375 0.5 0.5 0.02 -0.02 -2.77556e-16 -1.17019e-12
1.3125 1.99062 0.5 0.5 0.02 -0.02 -2.67147e-16 -1.16856e-12
1.3125 2.14375 0.5 0.5 0.02 -0.02 -2.60209e-16 -1.16689e-12
1.3125 2.29687 0.5 0.5 0.02 -0.02 -2.60209e-16 -1.1652e-12
1.3125 2.45 0.5 0.5 0.02 -0.02 -2.56739e-16 -1.16351e-12
1.3125 2.60312 0.5 0.5 0.02 -0.02 -2.5327e-16 -1.16182e-12
1.3125 2.75625 0.5 0.5 0.02 -0.02 -2.498e-16 -1.16013e-12
1.3125 2.90937 0.5 0.5 0.02 -0.02 -2.498e-16 -1.15847e-12
1.3125 3.0625 0.5 0.5 0.02 -0.02 -2.498e-16 -1.15683e-12
1.3125 3.21562 0.5 0.5 0.02 -0.02 -2.498e-16 -1.15525e-12
1.3125 3.36875 0.5 0.5 0.02 -0.02 -2.56739e-16 -1.15372e-12
1.3125 3.52187 0.5 0.5 0.02 -0.02 -2.498e-16 -1.15225e-12
1.3125 3.675 0.5 0.5 0.02 -0.02 -2.39392e-16 -1.15085e-12
1.3125 3.82812 0.5 0.5 0.02 -0.02 -2.18575e-16 -1.14955e-12
1.3125 3.98125 0.5 0.5 0.02 -0.02 -2.08167e-16 -1.14839e-12
1.3125 4.13437 0.5 0.5 0.02 -0.02 -2.15106e-16 -1.14741e-12
1.3125 4.2875 0.5 0.5 0.02 -0.02 -2.08167e-16 -1.14661e-12
1.3125 4.44062 0.5 0.5 0.02 -0.02 -2.04697e-16 -1.146e-12
1.3125 4.59375 0.5 0.5 0.02 -0.02 -2.01228e-16 -1.14558e-12
1.3125 4.74687 0.5 0.5 0.02 -0.02 -1.97758e-16 -1.14537e-12
1.37812 0 0.5 0.5 0.02 -0.02 -3.08781e-16 -1.17517e-12
1.37812 0.153125 0.5 0.5 0.02 -0.02 -3.1572e-16 -1.17612e-12
1.37812 0.30625 0.5 0.5 0.02 -0.02 -3.1225e-16 -1.17683e-12
1.37812 0.459375 0.5 0.5 0.02 -0.02 -3.19189e-16 -1.1773e-12
1.37812 0.6125 0.5 0.5 0.02 -0.02 -3.19189e-16 -1.17751e-12
1.37812 0.765625 0.5 0.5 0.02 -0.02 -3.19189e-16 -1.17746e-12
1.37812 0.91875 0.5 0.5 0.02 -0.02 -3.1572e-16 -1.17715e-12
1.37812 1.07187 0.5 0.5 0.02 -0.02 -3.1572e-16 -1.17659e-12
1.37812 1.225 0.5 0.5 0.02 -0.02 -3.1225e-16 -1.17579e-12
1.37812 1.37812 0.5 0.5 0.02 -0.02 -3.01842e-16 -1.17476e-12
1.37812 1.53125 0.5 0.5 0.02 -0.02 -3.01842e-16 -1.17353e-12
1.37812 1.68437 0.5 0.5 0.02 -0.02 -2.84495e-16 -1.17212e-12
1.37812 1.8375 0.5 0.5 0.02 -0.02 -2.74086e-16 -1.17057e-12
1.37812 1.99062 0.5 0.5 0.02 -0.02 -2.63678e-16 -1.16893e-12
1.37812 2.14375 0.5 0.5 0.02 -0.02 -2.63678e-16 -1.16726e-12
1.37812 2.29687 0.5 0.5 0.02 -0.02 -2.56739e-16 -1.16557e-12
1.37812 2.45 0.5 0.5 0.02 -0.02 -2.5327e-16 -1.16388e-12
1.37812 2.60312 0.5 0.5 0.02 -0.02 -2.498e-16 -1.1622e-12
1.37812 2.75625 0.5 0.5 0.02 -0.02 -2.498e-16 -1.16053e-12
1.37812 2.90937 0.5 0.5 0.02 -0.02 -2.46331e-16 -1.15887e-12
1.37812 3.0625 0.5 0.5 0.02 -0.02 -2.46331e-16 -1.15725e-12
1.37812 3.21562 0.5 0.5 0.02 -0.02 -2.46331e-16 -1.15568e-12
1.37812 3.36875 0.5 0.5 0.02 -0.02 -2.46331e-16 -1.15416e-12
1.37812 3.52187 0.5 0.5 0.02 -0.02 -2.39392e-16 -1.15269e-12
1.37812 3.675 0.5 0.5 0.02 -0.02 -2.39392e-16 -1.15131e-12
1.37812 3.82812 0.5 0.5 0.02 -0.02 -2.25514e-16 -1.15001e-12
1.37812 3.98125 0.5 0.5 0.02 -0.02 -2.22045e-16 -1.14886e-12
1.37812 4.13437 0.5 0.5 0.02 -0.02 -2.08167e-16 -1.14787e-12
1.37812 4.2875 0.5 0.5 0.02 -0.02 -2.04697e-16 -1.14706e-12
1.37812 4.44062 0.5 0.5 0.02 -0.02 -1.97758e-16 -1.14644e-12
1.37812 4.59375 0.5 0.5 0.02 -0.02 -1.8735e-16 -1.14602e-12
1.37812 4.74687 0.5 0.5 0.02 -0.02 -1.8735e-16 -1.14581e-12
1.44375 0 0.5 0.5 0.02 -0.02 -3.08781e-16 -1.17561e-12
1.44375 0.153125 0.5 0.5 0.02 -0.02 -3.1572e-16 -1.17655e-12
1.44375 0.30625 0.5 0.5 0.02 -0.02 -3.1572e-16 -1.17726e-12
1.44375 0.459375 0.5 0.5 0.02 -0.02 -3.19189e-16 -1.17773e-12
1.44375 0.6125 0.5 0.5 0.02 -0.02 -3.22659e-16 -1.17794e-12
1.44375 0.765625 0.5 0.5 0.02 -0.02 -3.19189e-16 -1.17789e-12
1.44375 0.91875 0.5 0.5 0.02 -0.02 -3.1572e-16 -1.17757e-12
1.44375 1.07187 0.5 0.5 0.02 -0.02 -3.1572e-16 -1.17701e-12
1.44375 1.225 0.5 0.5 0.02 -0.02 -3.1572e-16 -1.1762e-12
1.44375 1.37812 0.5 0.5 0.02 -0.02 -3.05311e-16 -1.17515e-12
1.44375 1.53125 0.5 0.5 0.02 -0.02 -3.01842e-16 -1.1739e-12
1.44375 1.68437 0.5 0.5 0.02 -0.02 -2.84495e-16 -1.17247e-12
1.44375 1.8375 0.5 0.5 0.02 -0.02 -2.74086e-16 -1.1709e-12
1.44375 1.99062 0.5 0.5 0.02 -0.02 -2.63678e-16 -1.16926e-12
1.44375 2.14375 0.5 0.5 0.02 -0.02 -2.60209e-16 -1.16758e-12
1.44375 2.29687 0.5 0.5 0.02 -0.02 -2.46331e-16 -1.16589e-12
1.44375 2.45 0.5 0.5 0.02 -0.02 -2.42861e-16 -1.16421e-12
1.44375 2.60312 0.5 0.5 0.02 -0.02 -2.39392e-16 -1.16253e-12
1.44375 2.75625 0.5 0.5 0.02 -0.02 -2.498e-16 -1.16088e-12
1.44375 2.90937 0.5 0.5 0.02 -0.02 -2.46331e-16 -1.15923e-12
1.44375 3.0625 0.5 0.5 0.02 -0.02 -2.42861e-16 -1.15762e-12
1.44375 3.21562 0.5 0.5 0.02 -0.02 -2.42861e-16 -1.15606e-12
1.44375 3.36875 0.5 0.5 0.02 -0.02 -2.42861e-16 -1.15455e-12
1.44375 3.52187 0.5 0.5 0.02 -0.02 -2.28983e-16 -1.15309e-12
1.44375 3.675 0.5 0.5 0.02 -0.02 -2.25514e-16 -1.15171e-12
1.44375 3.82812 0.5 0.5 0.02 -0.02 -2.22045e-16 -1.15042e-12
1.44375 3.98125 0.5 0.5 0.02 -0.02 -2.22045e-16 -1.14927e-12
1.44375 4.13437 0.5 0.5 0.02 -0.02 -2.08167e-16 -1.14828e-12
1.44375 4.2875 0.5 0.5 0.02 -0.02 -2.04697e-16 -1.14748e-12
1.44375 4.44062 0.5 0.5 0.02 -0.02 -1.97758e-16 -1.14685e-12
1.44375 4.59375 0.5 0.5 0.02 -0.02 -1.8735e-16 -1.14642e-12
1.44375 4.74687 0.5 0.5 0.02 -0.02 -1.8735e-16 -1.14621e-12
1.50937 0 0.5 0.5 0.02 -0.02 -3.05311e-16 -1.176e-12
1.50937 0.153125 0.5 0.5 0.02 -0.02 -3.1225e-16 -1.17695e-12
1.50937 0.30625 0.5 0.5 0.02 -0.02 -3.1572e-16 -1.17766e-12
1.50937 0.459375 0.5 0.5 0.02 -0.02 -3.19189e-16 -1.17812e-12
1.50937 0.6125 0.5 0.5 0.02 -0.02 -3.19189e-16 -1.17833e-12
1.50937 0.765625 0.5 0.5 0.02 -0.02 -3.19189e-16 -1.17827e-12
1.50937 0.91875 0.5 0.5 0.02 -0.02 -3.1572e-16 -1.17795e-12
1.50937 1.07187 0.5 0.5 0.02 -0.02 -3.1572e-16 -1.17738e-12
1.50937 1.225 0.5 0.5 0.02 -0.02 -3.1572e-16 -1.17656e-12
1.50937 1.37812 0.5 0.5 0.02 -0.02 -3.05311e-16 -1.1755e-12
1.50937 1.53125 0.5 0.5 0.02 -0.02 -2.87964e-16 -1.17422e-12
1.50937 1.68437 0.5 0.5 0.02 -0.02 -2.81025e-16 -1.17278e-12
1.50937 1.8375 0.5 0.5 0.02 -0.02 -2.63678e-16 -1.1712e-12
1.50937 1.99062 0.5 0.5 0.02 -0.02 -2.498e-16 -1.16954e-12
1.50937 2.14375 0.5 0.5 0.02 -0.02 -2.42861e-16 -1.16786e-12
1.50937 2.29687 0.5 0.5 0.02 -0.02 -2.46331e-16 -1.16617e-12
1.50937 2.45 0.5 0.5 0.02 -0.02 -2.42861e-16 -1.1645e-12
1.50937 2.60312 0.5 0.5 0.02 -0.02 -2.42861e-16 -1.16283e-12
1.50937 2.75625 0.5 0.5 0.02 -0.02 -2.498e-16 -1.16118e-12
1.50937 2.90937 0.5 0.5 0.02 -0.02 -2.42861e-16 -1.15955e-12
1.50937 3.0625 0.5 0.5 0.02 -0.02 -2.35922e-16 -1.15794e-12
1.50937 3.21562 0.5 0.5 0.02 -0.02 -2.35922e-16 -1.15639e-12
1.50937 3.36875 0.5 0.5 0.02 -0.02 -2.42861e-16 -1.1549e-12
1.50937 3.52187 0.5 0.5 0.02 -0.02 -2.28983e-16 -1.15344e-12
1.50937 3.675 0.5 0.5 0.02 -0.02 -2.28983e-16 -1.15207e-12
1.50937 3.82812 0.5 0.5 0.02 -0.02 -2.18575e-16 -1.15079e-12
1.50937 3.98125 0.5 0.5 0.02 -0.02 -2.04697e-16 -1.14964e-12
1.50937 4.13437 0.5 0.5 0.02 -0.02 -2.04697e-16 -1.14865e-12
1.50937 4.2875 0.5 0.5 0.02 -0.02 -2.01228e-16 -1.14784e-12
1.50937 4.44062 0.5 0.5 0.02 -0.02 -1.9082e-16 -1.14721e-12
1.50937 4.59375 0.5 0.5 0.02 -0.02 -1.8735e-16 -1.14679e-12
1.50937 4.74687 0.5 0.5 0.02 -0.02 -1.8735e-16 -1.14658e-12
1.575 0 0.5 0.5 0.02 -0.02 -3.08781e-16 -1.17635e-12
1.575 0.153125 0.5 0.5 0.02 -0.02 -3.1225e-16 -1.1773e-12
1.575 0.30625 0.5 0.5 0.02 -0.02 -3.1572e-16 -1.17801e-12
1.575 0.459375 0.5 0.5 0.02 -0.02 -3.19189e-16 -1.17847e-12
1.575 0.6125 0.5 0.5 0.02 -0.02 -3.19189e-16 -1.17867e-12
1.575 0.765625 0.5 0.5 0.02 -0.02 -3.19189e-16 -1.17861e-12
1.575 0.91875 0.5 0.5 0.02 -0.02 -3.1572e-16 -1.17828e-12
1.575 1.07187 0.5 0.5 0.02 -0.02 -3.1572e-16 -1.17771e-12
1.575 1.225 0.5 0.5 0.02 -0.02 -3.1572e-16 -1.17688e-12
1.575 1.37812 0.5 0.5 0.02 -0.02 -3.05311e-16 -1.1758e-12
1.575 1.53125 0.5 0.5 0.02 -0.02 -2.87964e-16 -1.17451e-12
1.575 1.68437 0.5 0.5 0.02 -0.02 -2.81025e-16 -1.17305e-12
1.575 1.8375 0.5 0.5 0.02 -0.02 -2.67147e-16 -1.17146e-12
1.575 1.99062 0.5 0.5 0.02 -0.02 -2.42861e-16 -1.16978e-12
1.575 2.14375 0.5 0.5 0.02 -0.02 -2.35922e-16 -1.16809e-12
1.575 2.29687 0.5 0.5 0.02 -0.02 -2.32453e-16 -1.16642e-12
1.575 2.45 0.5 0.5 0.02 -0.02 -2.35922e-16 -1.16475e-12
1.575 2.60312 0.5 0.5 0.02 -0.02 -2.39392e-16 -1.16309e-12
1.575 2.75625 0.5 0.5 0.02 -0.02 -2.39392e-16 -1.16145e-12
1.575 2.90937 0.5 0.5 0.02 -0.02 -2.28983e-16 -1.15982e-12
1.575 3.0625 0.5 0.5 0.02 -0.02 -2.28983e-16 -1.15823e-12
1.575 3.21562 0.5 0.5 0.02 -0.02 -2.35922e-16 -1.15669e-12
1.575 3.36875 0.5 0.5 0.02 -0.02 -2.39392e-16 -1.1552e-12
1.575 3.52187 0.5 0.5 0.02 -0.02 -2.22045e-16 -1.15375e-12
1.575 3.675 0.5 0.5 0.02 -0.02 -2.25514e-16 -1.15239e-12
1.575 3.82812 0.5 0.5 0.02 -0.02 -2.18575e-16 -1.15111e-12
1.575 3.98125 0.5 0.5 0.02 -0.02 -2.04697e-16 -1.14996e-12
1.575 4.13437 0.5 0.5 0.02 -0.02 -2.04697e-16 -1.14898e-12
1.575 4.2875 0.5 0.5 0.02 -0.02 -2.01228e-16 -1.14817e-12
1.575 4.44062 0.5 0.5 0.02 -0.02 -1.9082e-16 -1.14754e-12
1.575 4.59375 0.5 0.5 0.02 -0.02 -1.9082e-16 -1.14712e-12
1.575 4.74687 0.5 0.5 0.02 -0.02 -1.9082e-16 -1.1469e-12
1.64062 0 0.5 0.5 0.02 -0.02 -3.08781e-16 -1.17666e-12
1.64062 0.153125 0.5 0.5 0.02 -0.02 -3.1225e-16 -1.1776e-12
1.64062 0.30625 0.5 0.5 0.02 -0.02 -3.1572e-16 -1.17831e-12
1.64062 0.459375 0.5 0.5 0.02 -0.02 -3.22659e-16 -1.17878e-12
1.64062 0.6125 0.5 0.5 0.02 -0.02 -3.19189e-16 -1.17897e-12
1.64062 0.765625 0.5 0.5 0.02 -0.02 -3.22659e-16 -1.17891e-12
1.64062 0.91875 0.5 0.5 0.02 -0.02 -3.1572e-16 -1.17858e-12
1.64062 1.07187 0.5 0.5 0.02 -0.02 -3.1572e-16 -1.17799e-12
1.64062 1.225 0.5 0.5 0.02 -0.02 -3.08781e-16 -1.17715e-12
1.64062 1.37812 0.5 0.5 0.02 -0.02 -3.08781e-16 -1.17607e-12
1.64062 1.53125 0.5 0.5 0.02 -0.02 -2.87964e-16 -1.17476e-12
1.64062 1.68437 0.5 0.5 0.02 -0.02 -2.81025e-16 -1.17328e-12
1.64062 1.8375 0.5 0.5 0.02 -0.02 -2.67147e-16 -1.17168e-12
1.64062 1.99062 0.5 0.5 0.02 -0.02 -2.28983e-16 -1.16998e-12
1.64062 2.14375 0.5 0.5 0.02 -0.02 -2.35922e-16 -1.1683e-12
1.64062 2.29687 0.5 0.5 0.02 -0.02 -2.32453e-16 -1.16663e-12
1.64062 2.45 0.5 0.5 0.02 -0.02 -2.35922e-16 -1.16496e-12
1.64062 2.60312 0.5 0.5 0.02 -0.02 -2.35922e-16 -1.16331e-12
1.64062 2.75625 0.5 0.5 0.02 -0.02 -2.32453e-16 -1.16167e-12
1.64062 2.90937 0.5 0.5 0.02 -0.02 -2.28983e-16 -1.16005e-12
1.64062 3.0625 0.5 0.5 0.02 -0.02 -2.28983e-16 -1.15847e-12
1.64062 3.21562 0.5 0.5 0.02 -0.02 -2.28983e-16 -1.15694e-12
1.64062 3.36875 0.5 0.5 0.02 -0.02 -2.32453e-16 -1.15546e-12
1.64062 3.52187 0.5 0.5 0.02 -0.02 -2.22045e-16 -1.15401e-12
1.64062 3.675 0.5 0.5 0.02 -0.02 -2.28983e-16 -1.15266e-12
1.64062 3.82812 0.5 0.5 0.02 -0.02 -2.15106e-16 -1.15139e-12
1.64062 3.98125 0.5 0.5 0.02 -0.02 -2.04697e-16 -1.15024e-12
1.64062 4.13437 0.5 0.5 0.02 -0.02 -2.01228e-16 -1.14926e-12
1.64062 4.2875 0.5 0.5 0.02 -0.02 -2.01228e-16 -1.14846e-12
1.64062 4.44062 0.5 0.5 0.02 -0.02 -1.9082e-16 -1.14783e-12
1.64062 4.59375 0.5 0.5 0.02 -0.02 -1.9082e-16 -1.1474e-12
1.64062 4.74687 0.5 0.5 0.02 -0.02 -1.9082e-16 -1.14719e-12
1.70625 0 0.5 0.5 0.02 -0.02 -3.08781e-16 -1.17692e-12
1.70625 0.153125 0.5 0.5 0.02 -0.02 -3.1225e-16 -1.17786e-12
1.70625 0.30625 0.5 0.5 0.02 -0.02 -3.19189e-16 -1.17858e-12
1.70625 0.459375 0.5 0.5 0.02 -0.02 -3.22659e-16 -1.17904e-12
1.70625 0.6125 0.5 0.5 0.02 -0.02 -3.19189e-16 -1.17923e-12
1.70625 0.765625 0.5 0.5 0.02 -0.02 -3.22659e-16 -1.17917e-12
1.70625 0.91875 0.5 0.5 0.02 -0.02 -3.19189e-16 -1.17883e-12
1.70625 1.07187 0.5 0.5 0.02 -0.02 -3.1572e-16 -1.17824e-12
1.70625 1.225 0.5 0.5 0.02 -0.02 -3.08781e-16 -1.17738e-12
1.70625 1.37812 0.5 0.5 0.02 -0.02 -3.08781e-16 -1.1763e-12
1.70625 1.53125 0.5 0.5 0.02 -0.02 -2.87964e-16 -1.17497e-12
1.70625 1.68437 0.5 0.5 0.02 -0.02 -2.77556e-16 -1.17348e-12
1.70625 1.8375 0.5 0.5 0.02 -0.02 -2.60209e-16 -1.17186e-12
1.70625 1.99062 0.5 0.5 0.02 -0.02 -2.28983e-16 -1.17016e-12
1.70625 2.14375 0.5 0.5 0.02 -0.02 -2.28983e-16 -1.16847e-12
1.70625 2.29687 0.5 0.5 0.02 -0.02 -2.35922e-16 -1.1668e-12
1.70625 2.45 0.5 0.5 0.02 -0.02 -2.39392e-16 -1.16515e-12
1.70625 2.60312 0.5 0.5 0.02 -0.02 -2.35922e-16 -1.1635e-12
1.70625 2.75625 0.5 0.5 0.02 -0.02 -2.32453e-16 -1.16187e-12
1.70625 2.90937 0.5 0.5 0.02 -0.02 -2.28983e-16 -1.16025e-12
1.70625 3.0625 0.5 0.5 0.02 -0.02 -2.28983e-16 -1.15868e-12
1.70625 3.21562 0.5 0.5 0.02 -0.02 -2.28983e-16 -1.15715e-12
1.70625 3.36875 0.5 0.5 0.02 -0.02 -2.28983e-16 -1.15568e-12
1.70625 3.52187 0.5 0.5 0.02 -0.02 -2.22045e-16 -1.15424e-12
1.70625 3.675 0.5 0.5 0.02 -0.02 -2.28983e-16 -1.1529e-12
1.70625 3.82812 0.5 0.5 0.02 -0.02 -2.15106e-16 -1.15163e-12
1.70625 3.98125 0.5 0.5 0.02 -0.02 -2.04697e-16 -1.15048e-12
1.70625 4.13437 0.5 0.5 0.02 -0.02 -2.01228e-16 -1.14951e-12
1.70625 4.2875 0.5 0.5 0.02 -0.02 -2.01228e-16 -1.14871e-12
1.70625 4.44062 0.5 0.5 0.02 -0.02 -1.9082e-16 -1.14808e-12
1.70625 4.59375 0.5 0.5 0.02 -0.02 -1.9082e-16 -1.14765e-12
1.70625 4.74687 0.5 0.5 0.02 -0.02 -1.9082e-16 -1.14744e-12
1.77187 0 0.5 0.5 0.02 -0.02 -3.08781e-16 -1.17714e-12
1.77187 0.153125 0.5 0.5 0.02 -0.02 -3.1225e-16 -1.17808e-12
1.77187 0.30625 0.5 0.5 0.02 -0.02 -3.19189e-16 -1.1788e-12
1.77187 0.459375 0.5 0.5 0.02 -0.02 -3.22659e-16 -1.17926e-12
1.77187 0.6125 0.5 0.5 0.02 -0.02 -3.19189e-16 -1.17945e-12
1.77187 0.765625 0.5 0.5 0.02 -0.02 -3.22659e-16 -1.17938e-12
1.77187 0.91875 0.5 0.5 0.02 -0.02 -3.19189e-16 -1.17904e-12
1.77187 1.07187 0.5 0.5 0.02 -0.02 -3.1572e-16 -1.17844e-12
1.77187 1.225 0.5 0.5 0.02 -0.02 -3.08781e-16 -1.17758e-12
1.77187 1.37812 0.5 0.5 0.02 -0.02 -3.08781e-16 -1.17648e-12
1.77187 1.53125 0.5 0.5 0.02 -0.02 -2.84495e-16 -1.17514e-12
1.77187 1.68437 0.5 0.5 0.02 -0.02 -2.63678e-16 -1.17363e-12
1.77187 1.8375 0.5 0.5 0.02 -0.02 -2.5327e-16 -1.172e-12
1.77187 1.99062 0.5 0.5 0.02 -0.02 -2.28983e-16 -1.1703e-12
1.77187 2.14375 0.5 0.5 0.02 -0.02 -2.28983e-16 -1.16861e-12
1.77187 2.29687 0.5 0.5 0.02 -0.02 -2.28983e-16 -1.16695e-12
1.77187 2.45 0.5 0.5 0.02 -0.02 -2.28983e-16 -1.16529e-12
1.77187 2.60312 0.5 0.5 0.02 -0.02 -2.28983e-16 -1.16365e-12
1.77187 2.75625 0.5 0.5 0.02 -0.02 -2.32453e-16 -1.16203e-12
1.77187 2.90937 0.5 0.5 0.02 -0.02 -2.28983e-16 -1.16042e-12
1.77187 3.0625 0.5 0.5 0.02 -0.02 -2.28983e-16 -1.15886e-12
1.77187 3.21562 0.5 0.5 0.02 -0.02 -2.28983e-16 -1.15733e-12
1.77187 3.36875 0.5 0.5 0.02 -0.02 -2.32453e-16 -1.15586e-12
1.77187 3.52187 0.5 0.5 0.02 -0.02 -2.22045e-16 -1.15444e-12
1.77187 3.675 0.5 0.5 0.02 -0.02 -2.28983e-16 -1.15309e-12
1.77187 3.82812 0.5 0.5 0.02 -0.02 -2.15106e-16 -1.15182e-12
1.77187 3.98125 0.5 0.5 0.02 -0.02 -2.01228e-16 -1.15068e-12
1.77187 4.13437 0.5 0.5 0.02 -0.02 -2.01228e-16 -1.14971e-12
1.77187 4.2875 0.5 0.5 0.02 -0.02 -2.01228e-16 -1.14891e-12
1.77187 4.44062 0.5 0.5 0.02 -0.02 -2.01228e-16 -1.14829e-12
1.77187 4.59375 0.5 0.5 0.02 -0.02 -1.9082e-16 -1.14786e-12
1.77187 4.74687 0.5 0.5 0.02 -0.02 -1.9082e-16 -1.14765e-12
1.8375 0 0.5 0.5 0.02 -0.02 -3.08781e-16 -1.17732e-12
1.8375 0.153125 0.5 0.5 0.02 -0.02 -3.1225e-16 -1.17826e-12
1.8375 0.30625 0.5 0.5 0.02 -0.02 -3.19189e-16 -1.17897e-12
1.8375 0.459375 0.5 0.5 0.02 -0.02 -3.22659e-16 -1.17943e-12
1.8375 0.6125 0.5 0.5 0.02 -0.02 -3.19189e-16 -1.17962e-12
1.8375 0.765625 0.5 0.5 0.02 -0.02 -3.22659e-16 -1.17955e-12
1.8375 0.91875 0.5 0.5 0.02 -0.02 -3.19189e-16 -1.17921e-12
1.8375 1.07187 0.5 0.5 0.02 -0.02 -3.1572e-16 -1.1786e-12
1.8375 1.225 0.5 0.5 0.02 -0.02 -3.08781e-16 -1.17773e-12
1.8375 1.37812 0.5 0.5 0.02 -0.02 -3.08781e-16 -1.17663e-12
1.8375 1.53125 0.5 0.5 0.02 -0.02 -2.84495e-16 -1.17528e-12
1.8375 1.68437 0.5 0.5 0.02 -0.02 -2.63678e-16 -1.17375e-12
1.8375 1.8375 0.5 0.5 0.02 -0.02 -2.5327e-16 -1.17212e-12
1.8375 1.99062 0.5 0.5 0.02 -0.02 -2.28983e-16 -1.17042e-12
1.8375 2.14375 0.5 0.5 0.02 -0.02 -2.28983e-16 -1.16873e-12
1.8375 2.29687 0.5 0.5 0.02 -0.02 -2.25514e-16 -1.16706e-12
1.8375 2.45 0.5 0.5 0.02 -0.02 -2.28983e-16 -1.16541e-12
1.8375 2.60312 0.5 0.5 0.02 -0.02 -2.28983e-16 -1.16378e-12
1.8375 2.75625 0.5 0.5 0.02 -0.02 -2.32453e-16 -1.16216e-12
1.8375 2.90937 0.5 0.5 0.02 -0.02 -2.28983e-16 -1.16055e-12
1.8375 3.0625 0.5 0.5 0.02 -0.02 -2.28983e-16 -1.15899e-12
1.8375 3.21562 0.5 0.5 0.02 -0.02 -2.28983e-16 -1.15748e-12
1.8375 3.36875 0.5 0.5 0.02 -0.02 -2.32453e-16 -1.15601e-12
1.8375 3.52187 0.5 0.5 0.02 -0.02 -2.25514e-16 -1.15459e-12
1.8375 3.675 0.5 0.5 0.02 -0.02 -2.28983e-16 -1.15325e-12
1.8375 3.82812 0.5 0.5 0.02 -0.02 -2.15106e-16 -1.15198e-12
1.8375 3.98125 0.5 0.5 0.02 -0.02 -2.01228e-16 -1.15084e-12
1.8375 4.13437 0.5 0.5 0.02 -0.02 -2.01228e-16 -1.14988e-12
1.8375 4.2875 0.5 0.5 0.02 -0.02 -2.01228e-16 -1.14908e-12
1.8375 4.44062 0.5 0.5 0.02 -0.02 -2.01228e-16 -1.14846e-12
1.8375 4.59375 0.5 0.5 0.02 -0.02 -1.9082e-16 -1.14803e-12
1.8375 4.74687 0.5 0.5 0.02 -0.02 -1.9082e-16 -1.14783e-12
1.90312 0 0.5 0.5 0.02 -0.02 -3.08781e-16 -1.17745e-12
1.90312 0.153125 0.5 0.5 0.02 -0.02 -3.1225e-16 -1.17839e-12
1.90312 0.30625 0.5 0.5 0.02 -0.02 -3.19189e-16 -1.1791e-12
1.90312 0.459375 0.5 0.5 0.02 -0.02 -3.22659e-16 -1.17956e-12
1.90312 0.6125 0.5 0.5 0.02 -0.02 -3.19189e-16 -1.17975e-12
1.90312 0.765625 0.5 0.5 0.02 -0.02 -3.22659e-16 -1.17968e-12
1.90312 0.91875 0.5 0.5 0.02 -0.02 -3.19189e-16 -1.17933e-12
1.90312 1.07187 0.5 0.5 0.02 -0.02 -3.1572e-16 -1.17872e-12
1.90312 1.225 0.5 0.5 0.02 -0.02 -3.08781e-16 -1.17785e-12
1.90312 1.37812 0.5 0.5 0.02 -0.02 -3.08781e-16 -1.17674e-12
1.90312 1.53125 0.5 0.5 0.02 -0.02 -2.84495e-16 -1.17538e-12
1.90312 1.68437 0.5 0.5 0.02 -0.02 -2.63678e-16 -1.17385e-12
1.90312 1.8375 0.5 0.5 0.02 -0.02 -2.498e-16 -1.17221e-12
1.90312 1.99062 0.5 0.5 0.02 -0.02 -2.28983e-16 -1.1705e-12
1.90312 2.14375 0.5 0.5 0.02 -0.02 -2.18575e-16 -1.16881e-12
1.90312 2.29687 0.5 0.5 0.02 -0.02 -2.25514e-16 -1.16714e-12
1.90312 2.45 0.5 0.5 0.02 -0.02 -2.25514e-16 -1.1655e-12
1.90312 2.60312 0.5 0.5 0.02 -0.02 -2.28983e-16 -1.16387e-12
1.90312 2.75625 0.5 0.5 0.02 -0.02 -2.35922e-16 -1.16226e-12
1.90312 2.90937 0.5 0.5 0.02 -0.02 -2.25514e-16 -1.16065e-12
1.90312 3.0625 0.5 0.5 0.02 -0.02 -2.28983e-16 -1.1591e-12
1.90312 3.21562 0.5 0.5 0.02 -0.02 -2.28983e-16 -1.15759e-12
1.90312 3.36875 0.5 0.5 0.02 -0.02 -2.32453e-16 -1.15613e-12
1.90312 3.52187 0.5 0.5 0.02 -0.02 -2.25514e-16 -1.15471e-12
1.90312 3.675 0.5 0.5 0.02 -0.02 -2.22045e-16 -1.15336e-12
1.90312 3.82812 0.5 0.5 0.02 -0.02 -2.11636e-16 -1.1521e-12
1.90312 3.98125 0.5 0.5 0.02 -0.02 -2.01228e-16 -1.15096e-12
1.90312 4.13437 0.5 0.5 0.02 -0.02 -2.08167e-16 -1.15e-12
1.90312 4.2875 0.5 0.5 0.02 -0.02 -2.04697e-16 -1.14921e-12
1.90312 4.44062 0.5 0.5 0.02 -0.02 -2.01228e-16 -1.14859e-12
1.90312 4.59375 0.5 0.5 0.02 -0.02 -1.9082e-16 -1.14816e-12
1.90312 4.74687 0.5 0.5 0.02 -0.02 -2.01228e-16 -1.14796e-12
1.96875 0 0.5 0.5 0.02 -0.02 -3.08781e-16 -1.17754e-12
1.96875 0.153125 0.5 0.5 0.02 -0.02 -3.1225e-16 -1.17848e-12
1.96875 0.30625 0.5 0.5 0.02 -0.02 -3.19189e-16 -1.17919e-12
1.96875 0.459375 0.5 0.5 0.02 -0.02 -3.22659e-16 -1.17965e-12
1.96875 0.6125 0.5 0.5 0.02 -0.02 -3.19189e-16 -1.17984e-12
1.96875 0.765625 0.5 0.5 0.02 -0.02 -3.22659e-16 -1.17976e-12
1.96875 0.91875 0.5 0.5 0.02 -0.02 -3.19189e-16 -1.17942e-12
1.96875 1.07187 0.5 0.5 0.02 -0.02 -3.1572e-16 -1.1788e-12
1.96875 1.225 0.5 0.5 0.02 -0.02 -3.08781e-16 -1.17793e-12
1.96875 1.37812 0.5 0.5 0.02 -0.02 -3.08781e-16 -1.17681e-12
1.96875 1.53125 0.5 0.5 0.02 -0.02 -2.84495e-16 -1.17544e-12
1.96875 1.68437 0.5 0.5 0.02 -0.02 -2.63678e-16 -1.17391e-12
1.96875 1.8375 0.5 0.5 0.02 -0.02 -2.498e-16 -1.17227e-12
1.96875 1.99062 0.5 0.5 0.02 -0.02 -2.28983e-16 -1.17056e-12
1.96875 2.14375 0.5 0.5 0.02 -0.02 -2.18575e-16 -1.16886e-12
1.96875 2.29687 0.5 0.5 0.02 -0.02 -2.25514e-16 -1.1672e-12
1.96875 2.45 0.5 0.5 0.02 -0.02 -2.25514e-16 -1.16556e-12
1.96875 2.60312 0.5 0.5 0.02 -0.02 -2.28983e-16 -1.16393e-12
1.96875 2.75625 0.5 0.5 0.02 -0.02 -2.35922e-16 -1.16232e-12
1.96875 2.90937 0.5 0.5 0.02 -0.02 -2.25514e-16 -1.16072e-12
1.96875 3.0625 0.5 0.5 0.02 -0.02 -2.28983e-16 -1.15916e-12
1.96875 3.21562 0.5 0.5 0.02 -0.02 -2.28983e-16 -1.15766e-12
1.96875 3.36875 0.5 0.5 0.02 -0.02 -2.32453e-16 -1.1562e-12
1.96875 3.52187 0.5 0.5 0.02 -0.02 -2.25514e-16 -1.15478e-12
1.96875 3.675 0.5 0.5 0.02 -0.02 -2.22045e-16 -1.15344e-12
1.96875 3.82812 0.5 0.5 0.02 -0.02 -2.11636e-16 -1.15218e-12
1.96875 3.98125 0.5 0.5 0.02 -0.02 -2.01228e-16 -1.15104e-12
1.96875 4.13437 0.5 0.5 0.02 -0.02 -2.08167e-16 -1.15009e-12
1.96875 4.2875 0.5 0.5 0.02 -0.02 -2.04697e-16 -1.14929e-12
1.96875 4.44062 0.5 0.5 0.02 -0.02 -2.01228e-16 -1.14868e-12
1.96875 4.59375 0.5 0.5 0.02 -0.02 -1.9082e-16 -1.14825e-12
1.96875 4.74687 0.5 0.5 0.02 -0.02 -2.01228e-16 -1.14805e-12
2.03437 0 0.5 0.5 0.02 -0.02 -3.08781e-16 -1.17758e-12
2.03437 0.153125 0.5 0.5 0.02 -0.02 -3.1572e-16 -1.17852e-12
2.03437 0.30625 0.5 0.5 0.02 -0.02 -3.19189e-16 -1.17924e-12
2.03437 0.459375 0.5 0.5 0.02 -0.02 -3.22659e-16 -1.17969e-12
2.03437 0.6125 0.5 0.5 0.02 -0.02 -3.22659e-16 -1.17988e-12
2.03437 0.765625 0.5 0.5 0.02 -0.02 -3.22659e-16 -1.17981e-12
2.03437 0.91875 0.5 0.5 0.02 -0.02 -3.19189e-16 -1.17946e-12
2.03437 1.07187 0.5 0.5 0.02 -0.02 -3.19189e-16 -1.17885e-12
2.03437 1.225 0.5 0.5 0.02 -0.02 -3.08781e-16 -1.17797e-12
2.03437 1.37812 0.5 0.5 0.02 -0.02 -3.01842e-16 -1.17684e-12
2.03437 1.53125 0.5 0.5 0.02 -0.02 -2.81025e-16 -1.17548e-12
2.03437 1.68437 0.5 0.5 0.02 -0.02 -2.56739e-16 -1.17394e-12
2.03437 1.8375 0.5 0.5 0.02 -0.02 -2.498e-16 -1.1723e-12
2.03437 1.99062 0.5 0.5 0.02 -0.02 -2.28983e-16 -1.17059e-12
2.03437 2.14375 0.5 0.5 0.02 -0.02 -2.18575e-16 -1.16889e-12
2.03437 2.29687 0.5 0.5 0.02 -0.02 -2.28983e-16 -1.16723e-12
2.03437 2.45 0.5 0.5 0.02 -0.02 -2.32453e-16 -1.16559e-12
2.03437 2.60312 0.5 0.5 0.02 -0.02 -2.28983e-16 -1.16396e-12
2.03437 2.75625 0.5 0.5 0.02 -0.02 -2.35922e-16 -1.16235e-12
2.03437 2.90937 0.5 0.5 0.02 -0.02 -2.18575e-16 -1.16075e-12
2.03437 3.0625 0.5 0.5 0.02 -0.02 -2.22045e-16 -1.15919e-12
2.03437 3.21562 0.5 0.5 0.02 -0.02 -2.28983e-16 -1.15769e-12
2.03437 3.36875 0.5 0.5 0.02 -0.02 -2.35922e-16 -1.15624e-12
2.03437 3.52187 0.5 0.5 0.02 -0.02 -2.28983e-16 -1.15482e-12
2.03437 3.675 0.5 0.5 0.02 -0.02 -2.22045e-16 -1.15348e-12
2.03437 3.82812 0.5 0.5 0.02 -0.02 -2.15106e-16 -1.15222e-12
2.03437 3.98125 0.5 0.5 0.02 -0.02 -2.01228e-16 -1.15108e-12
2.03437 4.13437 0.5 0.5 0.02 -0.02 -2.11636e-16 -1.15013e-12
2.03437 4.2875 0.5 0.5 0.02 -0.02 -2.04697e-16 -1.14934e-12
2.03437 4.44062 0.5 0.5 0.02 -0.02 -2.01228e-16 -1.14872e-12
2.03437 4.59375 0.5 0.5 0.02 -0.02 -1.97758e-16 -1.1483e-12
2.03437 4.74687 0.5 0.5 0.02 -0.02 -2.01228e-16 -1.14809e-12
