
-0.0562049 0 0.04 15 0.5 0 3.4 3.7
-0.0532982 0 0.04 14.95 0.5 0 3.4 3.6
-0.0503645 0 0.04 14.9 0.5 0 3.4 3.7
-0.0474969 0 0.04 14.85 0.5 0 3.4 3.6
-0.0446955 0 0.04 14.8 0.5 0 3.4 3.7
-0.0419631 0 0.04 14.75 0.5 0 3.4 3.6
-0.0392998 0 0.04 14.7 0.5 0 3.4 3.7
-0.0367071 0 0.04 14.65 0.5 0 3.4 3.6
-0.0341864 0 0.04 14.6 0.5 0 3.4 3.5
-0.0317403 0 0.04 14.55 0.5 0 3.4 3.6
-0.0293686 0 0.04 14.5 0.5 0 3.4 3.5
-0.0270737 0 0.04 14.45 0.5 0 3.4 3.6
-0.0248575 0 0.04 14.4 0.5 0 3.4 3.5
-0.0227208 0 0.04 14.35 0.5 0 3.4 3.6
-0.0206658 0 0.04 14.3 0.5 0 3.4 3.5
-0.0186948 0 0.04 14.25 0.5 0 3.4 3.6
-0.0202044 0 0.04 14.2 0.5 0 3.4 3.6
-0.018303 0 0.04 14.15 0.5 0 3.4 3.6
-0.016537 0 0.04 14.1 0.5 0 3.3 3.4
-0.0148777 0 0.04 14.05 0.5 0 3.3 3.5
-0.0132228 0 0.04 14 0.5 0 3.3 3.4
-0.0116548 0 0.04 13.95 0.5 0 3.3 3.5
-0.0101757 0 0.04 13.9 0.5 0 3.3 3.4
-0.00878701 0 0.04 13.85 0.5 0 3.3 3.5
-0.00749092 0 0.04 13.8 0.5 0 3.3 3.4
-0.00628945 0 0.04 13.75 0.5 0 3.3 3.3
-0.00518526 0 0.04 13.7 0.5 0 3.3 3.4
-0.00418047 0 0.04 13.65 0.5 0 3.3 3.3
-0.00327703 0 0.04 13.6 0.5 0 3.3 3.4
-0.00247804 0 0.04 13.55 0.5 0 3.3 3.3
-0.00178558 0 0.04 13.5 0.5 0 3.3 3.4
-0.00120264 0 0.04 13.45 0.5 0 3.3 3.3
-0.000731881 0 0.04 13.4 0.5 0 3.3 3.2
-0.00106178 0 0.04 13.35 0.5 0 3.3 3.3
-0.00131713 0 0.04 13.3 0.5 0 3.4 3.4
-0.000799632 0 0.04 13.25 0.5 0 3.5 3.5
-0.000275414 0 0.04 13.2 0.5 0 3.6 3.6
-6.457e-06 0 0.04 13.15 0.5 0 3.7 3.6
-6.31515e-07 0 0.04 13.1 0.5 0 3.6 3.6
-4.11131e-07 0 0.04 13.05 0.5 0 3.7 3.6
-2.39965e-07 0 0.04 13 0.5 0 3.6 3.6
-1.17977e-07 0 0.04 12.95 0.5 0 3.6 3.6
5.60573e-07 0 0.04 12.9 0.5 0 3.6 3.6
8.57132e-07 0 0.04 12.85 0.5 0 3.6 3.6
8.91752e-07 0 0.04 12.8 0.5 0 3.6 3.6
9.10155e-07 0 0.04 12.75 0.5 0 3.6 3.6
9.18229e-07 0 0.04 12.7 0.5 0 3.6 3.6
9.212e-07 0 0.04 12.65 0.5 0 3.6 3.6
9.22125e-07 0 0.04 12.6 0.5 0 3.6 3.6
9.2237e-07 0 0.04 12.55 0.5 0 3.6 3.6
9.22426e-07 0 0.04 12.5 0.5 0 3.6 3.6
9.22437e-07 0 0.04 12.45 0.5 0 3.6 3.6
9.22438e-07 0 0.04 12.4 0.5 0 3.6 3.7
9.22439e-07 0 0.04 12.35 0.5 0 3.7 3.5
9.22439e-07 0 0.04 12.3 0.5 0 3.7 3.7
9.22439e-07 0 0.04 12.25 0.5 0 3.7 3.8
9.22439e-07 0 0.04 12.2 0.5 0 3.7 3.8
9.22439e-07 0 0.04 12.15 0.5 0 3.9 3.8
9.22439e-07 0 0.04 12.1 0.5 0 4 3.6
9.22439e-07 0 0.04 12.05 0.5 0 4 3.5
9.22439e-07 0 0.04 12 0.5 0 4.1 3.5
9.22439e-07 0 0.04 11.95 0.5 0 3.9 3.4
9.22439e-07 0 0.04 11.9 0.5 0 4.1 3.3
9.22439e-07 0 0.04 11.85 0.5 0 4.1 3.4
9.22439e-07 0 0.04 11.8 0.5 0 4.2 3.3
9.22438e-07 0 0.04 11.75 0.5 0 4.2 3.5
9.22439e-07 0 0.04 11.7 0.5 0 4.1 3.6
9.22439e-07 0 0.04 11.65 0.5 0 4 3.8
9.22439e-07 0 0.04 11.6 0.5 0 3.9 3.9
9.22439e-07 0 0.04 11.55 0.5 0 3.9 3.8
9.22439e-07 0 0.04 11.5 0.5 0 3.9 3.9
9.22438e-07 0 0.04 11.45 0.5 0 4 3.7
9.22439e-07 0 0.04 11.4 0.5 0 3.9 3.6
9.22439e-07 0 0.04 11.35 0.5 0 3.9 3.6
9.22439e-07 0 0.04 11.3 0.5 0 3.8 3.8
9.22439e-07 0 0.04 11.25 0.5 0 3.8 3.6
9.22439e-07 0 0.04 11.2 0.5 0 3.8 3.6
9.22439e-07 0 0.04 11.15 0.5 0 4 3.7
9.22439e-07 0 0.04 11.1 0.5 0 4 3.5
9.22439e-07 0 0.04 11.05 0.5 0 4 3.5
9.22439e-07 0 0.04 11 0.5 0 4 3.7
9.22439e-07 0 0.04 10.95 0.5 0 4 3.6
9.22439e-07 0 0.04 10.9 0.5 0 4 3.4
9.22439e-07 0 0.04 10.85 0.5 0 4 3.4
9.22439e-07 0 0.04 10.8 0.5 0 3.8 3.5
9.22439e-07 0 0.04 10.75 0.5 0 3.8 3.5
9.22439e-07 0 0.04 10.7 0.5 0 3.9 3.7
9.22439e-07 0 0.04 10.65 0.5 0 3.8 3.9
9.22439e-07 0 0.04 10.6 0.5 0 3.8 4
9.22439e-07 0 0.04 10.55 0.5 0 3.6 3.8
9.22438e-07 0 0.04 10.5 0.5 0 3.4 3.7
9.22439e-07 0 0.04 10.45 0.5 0 3.5 3.7
9.22439e-07 0 0.04 10.4 0.5 0 3.3 3.8
9.22439e-07 0 0.04 10.35 0.5 0 3.4 3.9
9.22439e-07 0 0.04 10.3 0.5 0 3.4 3.8
9.22439e-07 0 0.04 10.25 0.5 0 3.2 4
9.22439e-07 0 0.04 10.2 0.5 0 3.4 4.2
9.22439e-07 0 0.04 10.15 0.5 0 3.4 4.3
9.22439e-07 0 0.04 10.1 0.5 0 3.2 4.3
9.22439e-07 0 0.04 10.05 0.5 0 3.1 4.3
9.22439e-07 0 0.04 10 0.5 0 2.9 4.2
9.22439e-07 0 0.04 9.95 0.5 0 2.9 4.2
9.22439e-07 0 0.04 9.9 0.5 0 3 4.3
9.22439e-07 0 0.04 9.85 0.5 0 3.2 4.4
9.22439e-07 0 0.04 9.8 0.5 0 3.2 4.6
9.22439e-07 0 0.04 9.75 0.5 0 3.2 4.7
9.22439e-07 0 0.04 9.7 0.5 0 3.4 4.6
9.22439e-07 0 0.04 9.65 0.5 0 3.2 4.7
9.22439e-07 0 0.04 9.6 0.5 0 3.2 4.7
9.22439e-07 0 0.04 9.55 0.5 0 3.2 4.7
9.22439e-07 0 0.04 9.5 0.5 0 3 4.8
9.22439e-07 0 0.04 9.45 0.5 0 2.8 4.8
9.22439e-07 0 0.04 9.4 0.5 0 3 4.9
9.22439e-07 0 0.04 9.35 0.5 0 2.9 4.9
9.22439e-07 0 0.04 9.3 0.5 0 3 4.9
9.22439e-07 0 0.04 9.25 0.5 0 2.9 5.1
9.22439e-07 0 0.04 9.2 0.5 0 2.8 4.9
9.22439e-07 0 0.04 9.15 0.5 0 2.9 5.1
9.22439e-07 0 0.04 9.1 0.5 0 2.7 5.3
9.22439e-07 0 0.04 9.05 0.5 0 2.6 5.4
9.22439e-07 0 0.04 9 0.5 0 2.6 5.4
9.22439e-07 0 0.04 8.95 0.5 0 2.4 5.3
9.22439e-07 0 0.04 8.9 0.5 0 2.2 5.1
9.22439e-07 0 0.04 8.85 0.5 0 2 5
9.22439e-07 0 0.04 8.8 0.5 0 2.1 5
9.22439e-07 0 0.04 8.75 0.5 0 2 5.1
9.22439e-07 0 0.04 8.7 0.5 0 1.8 5
9.22439e-07 0 0.04 8.65 0.5 0 2 5
9.22439e-07 0 0.04 8.6 0.5 0 2.2 5
9.22439e-07 0 0.04 8.55 0.5 0 2.1 4.9
9.22439e-07 0 0.04 8.5 0.5 0 2.1 4.9
9.22439e-07 0 0.04 8.45 0.5 0 2.2 5.1
9.22439e-07 0 0.04 8.4 0.5 0 2.2 5
9.22439e-07 0 0.04 8.35 0.5 0 2.3 5.2
9.22439e-07 0 0.04 8.3 0.5 0 2.3 5.2
9.22439e-07 0 0.04 8.25 0.5 0 2.3 5
9.22439e-07 0 0.04 8.2 0.5 0 2.2 5.1
9.22439e-07 0 0.04 8.15 0.5 0 2.3 4.9
9.22439e-07 0 0.04 8.1 0.5 0 2.2 4.9
9.22439e-07 0 0.04 8.05 0.5 0 2.1 4.9
